94083432059216 push rbp
94083432059217 mov rbp, rsp
94083432059220 mov qword ptr [rbp-0x8], rdi
94083432059224 mov dword ptr [rbp-0xc], 0x40
94083432059231 mov dword ptr [rbp-0x10], 0x0
94083432059238 cmp dword ptr [rbp-0x10], 0x40
94083432059242 jnl 0x5591818c11ad
94083432059248 mov rax, qword ptr [rbp-0x8]
94083432059252 mov ecx, dword ptr [rbp-0x10]
94083432059255 mov edx, 0x1
94083432059260 shl rdx, cl
94083432059263 mov rcx, rdx
94083432059266 and rax, rcx
94083432059269 cmp rax, 0x0
94083432059273 jz 0x5591818c119a
94083432059279 mov eax, dword ptr [rbp-0x10]
94083432059282 mov dword ptr [rbp-0xc], eax
94083432059285 jmp 0x5591818c11ad
94083432059216
94083432059217
94083432059220
94083432059224
94083432059231
94083432059238
94083432059242
94083432059248
94083432059252
94083432059255
94083432059260
94083432059263
94083432059266
94083432059269
94083432059273
94083432059290 jmp 0x5591818c119f
94083432059290
94083432059295 mov eax, dword ptr [rbp-0x10]
94083432059298 add eax, 0x1
94083432059301 mov dword ptr [rbp-0x10], eax
94083432059304 jmp 0x5591818c1166
94083432059295
94083432059298
94083432059301
94083432059304
94083432059238 cmp dword ptr [rbp-0x10], 0x40
94083432059242 jnl 0x5591818c11ad
94083432059248 mov rax, qword ptr [rbp-0x8]
94083432059252 mov ecx, dword ptr [rbp-0x10]
94083432059255 mov edx, 0x1
94083432059260 shl rdx, cl
94083432059263 mov rcx, rdx
94083432059266 and rax, rcx
94083432059269 cmp rax, 0x0
94083432059273 jz 0x5591818c119a
94083432059279 mov eax, dword ptr [rbp-0x10]
94083432059282 mov dword ptr [rbp-0xc], eax
94083432059285 jmp 0x5591818c11ad
94083432059238
94083432059242
94083432059248
94083432059252
94083432059255
94083432059260
94083432059263
94083432059266
94083432059269
94083432059273
94083432059290
94083432059295
94083432059298
94083432059301
94083432059304
94083432059238
94083432059242
94083432059248
94083432059252
94083432059255
94083432059260
94083432059263
94083432059266
94083432059269
94083432059273
94083432059290
94083432059295
94083432059298
94083432059301
94083432059304
94083432059238
94083432059242
94083432059248
94083432059252
94083432059255
94083432059260
94083432059263
94083432059266
94083432059269
94083432059273
94083432059290
94083432059295
94083432059298
94083432059301
94083432059304
94083432059238
94083432059242
94083432059248
94083432059252
94083432059255
94083432059260
94083432059263
94083432059266
94083432059269
94083432059273
94083432059290
94083432059295
94083432059298
94083432059301
94083432059304
94083432059238
94083432059242
94083432059248
94083432059252
94083432059255
94083432059260
94083432059263
94083432059266
94083432059269
94083432059273
94083432059290
94083432059295
94083432059298
94083432059301
94083432059304
94083432059238
94083432059242
94083432059248
94083432059252
94083432059255
94083432059260
94083432059263
94083432059266
94083432059269
94083432059273
94083432059290
94083432059295
94083432059298
94083432059301
94083432059304
94083432059238
94083432059242
94083432059248
94083432059252
94083432059255
94083432059260
94083432059263
94083432059266
94083432059269
94083432059273
94083432059290
94083432059295
94083432059298
94083432059301
94083432059304
94083432059238
94083432059242
94083432059248
94083432059252
94083432059255
94083432059260
94083432059263
94083432059266
94083432059269
94083432059273
94083432059290
94083432059295
94083432059298
94083432059301
94083432059304
94083432059238
94083432059242
94083432059248
94083432059252
94083432059255
94083432059260
94083432059263
94083432059266
94083432059269
94083432059273
94083432059290
94083432059295
94083432059298
94083432059301
94083432059304
94083432059238
94083432059242
94083432059248
94083432059252
94083432059255
94083432059260
94083432059263
94083432059266
94083432059269
94083432059273
94083432059290
94083432059295
94083432059298
94083432059301
94083432059304
94083432059238
94083432059242
94083432059248
94083432059252
94083432059255
94083432059260
94083432059263
94083432059266
94083432059269
94083432059273
94083432059290
94083432059295
94083432059298
94083432059301
94083432059304
94083432059238
94083432059242
94083432059248
94083432059252
94083432059255
94083432059260
94083432059263
94083432059266
94083432059269
94083432059273
94083432059290
94083432059295
94083432059298
94083432059301
94083432059304
94083432059238
94083432059242
94083432059248
94083432059252
94083432059255
94083432059260
94083432059263
94083432059266
94083432059269
94083432059273
94083432059290
94083432059295
94083432059298
94083432059301
94083432059304
94083432059238
94083432059242
94083432059248
94083432059252
94083432059255
94083432059260
94083432059263
94083432059266
94083432059269
94083432059273
94083432059290
94083432059295
94083432059298
94083432059301
94083432059304
94083432059238
94083432059242
94083432059248
94083432059252
94083432059255
94083432059260
94083432059263
94083432059266
94083432059269
94083432059273
94083432059290
94083432059295
94083432059298
94083432059301
94083432059304
94083432059238
94083432059242
94083432059248
94083432059252
94083432059255
94083432059260
94083432059263
94083432059266
94083432059269
94083432059273
94083432059290
94083432059295
94083432059298
94083432059301
94083432059304
94083432059238
94083432059242
94083432059248
94083432059252
94083432059255
94083432059260
94083432059263
94083432059266
94083432059269
94083432059273
94083432059290
94083432059295
94083432059298
94083432059301
94083432059304
94083432059238
94083432059242
94083432059248
94083432059252
94083432059255
94083432059260
94083432059263
94083432059266
94083432059269
94083432059273
94083432059290
94083432059295
94083432059298
94083432059301
94083432059304
94083432059238
94083432059242
94083432059248
94083432059252
94083432059255
94083432059260
94083432059263
94083432059266
94083432059269
94083432059273
94083432059290
94083432059295
94083432059298
94083432059301
94083432059304
94083432059238
94083432059242
94083432059248
94083432059252
94083432059255
94083432059260
94083432059263
94083432059266
94083432059269
94083432059273
94083432059290
94083432059295
94083432059298
94083432059301
94083432059304
94083432059238
94083432059242
94083432059248
94083432059252
94083432059255
94083432059260
94083432059263
94083432059266
94083432059269
94083432059273
94083432059290
94083432059295
94083432059298
94083432059301
94083432059304
94083432059238
94083432059242
94083432059248
94083432059252
94083432059255
94083432059260
94083432059263
94083432059266
94083432059269
94083432059273
94083432059290
94083432059295
94083432059298
94083432059301
94083432059304
94083432059238
94083432059242
94083432059248
94083432059252
94083432059255
94083432059260
94083432059263
94083432059266
94083432059269
94083432059273
94083432059290
94083432059295
94083432059298
94083432059301
94083432059304
94083432059238
94083432059242
94083432059248
94083432059252
94083432059255
94083432059260
94083432059263
94083432059266
94083432059269
94083432059273
94083432059290
94083432059295
94083432059298
94083432059301
94083432059304
94083432059238
94083432059242
94083432059248
94083432059252
94083432059255
94083432059260
94083432059263
94083432059266
94083432059269
94083432059273
94083432059290
94083432059295
94083432059298
94083432059301
94083432059304
94083432059238
94083432059242
94083432059248
94083432059252
94083432059255
94083432059260
94083432059263
94083432059266
94083432059269
94083432059273
94083432059290
94083432059295
94083432059298
94083432059301
94083432059304
94083432059238
94083432059242
94083432059248
94083432059252
94083432059255
94083432059260
94083432059263
94083432059266
94083432059269
94083432059273
94083432059290
94083432059295
94083432059298
94083432059301
94083432059304
94083432059238
94083432059242
94083432059248
94083432059252
94083432059255
94083432059260
94083432059263
94083432059266
94083432059269
94083432059273
94083432059290
94083432059295
94083432059298
94083432059301
94083432059304
94083432059238
94083432059242
94083432059248
94083432059252
94083432059255
94083432059260
94083432059263
94083432059266
94083432059269
94083432059273
94083432059290
94083432059295
94083432059298
94083432059301
94083432059304
94083432059238
94083432059242
94083432059248
94083432059252
94083432059255
94083432059260
94083432059263
94083432059266
94083432059269
94083432059273
94083432059290
94083432059295
94083432059298
94083432059301
94083432059304
94083432059238
94083432059242
94083432059248
94083432059252
94083432059255
94083432059260
94083432059263
94083432059266
94083432059269
94083432059273
94083432059290
94083432059295
94083432059298
94083432059301
94083432059304
94083432059238
94083432059242
94083432059248
94083432059252
94083432059255
94083432059260
94083432059263
94083432059266
94083432059269
94083432059273
94083432059290
94083432059295
94083432059298
94083432059301
94083432059304
94083432059238
94083432059242
94083432059248
94083432059252
94083432059255
94083432059260
94083432059263
94083432059266
94083432059269
94083432059273
94083432059290
94083432059295
94083432059298
94083432059301
94083432059304
94083432059238
94083432059242
94083432059248
94083432059252
94083432059255
94083432059260
94083432059263
94083432059266
94083432059269
94083432059273
94083432059290
94083432059295
94083432059298
94083432059301
94083432059304
94083432059238
94083432059242
94083432059248
94083432059252
94083432059255
94083432059260
94083432059263
94083432059266
94083432059269
94083432059273
94083432059290
94083432059295
94083432059298
94083432059301
94083432059304
94083432059238
94083432059242
94083432059248
94083432059252
94083432059255
94083432059260
94083432059263
94083432059266
94083432059269
94083432059273
94083432059290
94083432059295
94083432059298
94083432059301
94083432059304
94083432059238
94083432059242
94083432059248
94083432059252
94083432059255
94083432059260
94083432059263
94083432059266
94083432059269
94083432059273
94083432059290
94083432059295
94083432059298
94083432059301
94083432059304
94083432059238
94083432059242
94083432059248
94083432059252
94083432059255
94083432059260
94083432059263
94083432059266
94083432059269
94083432059273
94083432059290
94083432059295
94083432059298
94083432059301
94083432059304
94083432059238
94083432059242
94083432059248
94083432059252
94083432059255
94083432059260
94083432059263
94083432059266
94083432059269
94083432059273
94083432059290
94083432059295
94083432059298
94083432059301
94083432059304
94083432059238
94083432059242
94083432059248
94083432059252
94083432059255
94083432059260
94083432059263
94083432059266
94083432059269
94083432059273
94083432059290
94083432059295
94083432059298
94083432059301
94083432059304
94083432059238
94083432059242
94083432059248
94083432059252
94083432059255
94083432059260
94083432059263
94083432059266
94083432059269
94083432059273
94083432059290
94083432059295
94083432059298
94083432059301
94083432059304
94083432059238
94083432059242
94083432059248
94083432059252
94083432059255
94083432059260
94083432059263
94083432059266
94083432059269
94083432059273
94083432059290
94083432059295
94083432059298
94083432059301
94083432059304
94083432059238
94083432059242
94083432059248
94083432059252
94083432059255
94083432059260
94083432059263
94083432059266
94083432059269
94083432059273
94083432059290
94083432059295
94083432059298
94083432059301
94083432059304
94083432059238
94083432059242
94083432059248
94083432059252
94083432059255
94083432059260
94083432059263
94083432059266
94083432059269
94083432059273
94083432059290
94083432059295
94083432059298
94083432059301
94083432059304
94083432059238
94083432059242
94083432059248
94083432059252
94083432059255
94083432059260
94083432059263
94083432059266
94083432059269
94083432059273
94083432059290
94083432059295
94083432059298
94083432059301
94083432059304
94083432059238
94083432059242
94083432059248
94083432059252
94083432059255
94083432059260
94083432059263
94083432059266
94083432059269
94083432059273
94083432059290
94083432059295
94083432059298
94083432059301
94083432059304
94083432059238
94083432059242
94083432059248
94083432059252
94083432059255
94083432059260
94083432059263
94083432059266
94083432059269
94083432059273
94083432059290
94083432059295
94083432059298
94083432059301
94083432059304
94083432059238
94083432059242
94083432059248
94083432059252
94083432059255
94083432059260
94083432059263
94083432059266
94083432059269
94083432059273
94083432059290
94083432059295
94083432059298
94083432059301
94083432059304
94083432059238
94083432059242
94083432059248
94083432059252
94083432059255
94083432059260
94083432059263
94083432059266
94083432059269
94083432059273
94083432059290
94083432059295
94083432059298
94083432059301
94083432059304
94083432059238
94083432059242
94083432059248
94083432059252
94083432059255
94083432059260
94083432059263
94083432059266
94083432059269
94083432059273
94083432059290
94083432059295
94083432059298
94083432059301
94083432059304
94083432059238
94083432059242
94083432059248
94083432059252
94083432059255
94083432059260
94083432059263
94083432059266
94083432059269
94083432059273
94083432059290
94083432059295
94083432059298
94083432059301
94083432059304
94083432059238
94083432059242
94083432059248
94083432059252
94083432059255
94083432059260
94083432059263
94083432059266
94083432059269
94083432059273
94083432059290
94083432059295
94083432059298
94083432059301
94083432059304
94083432059238
94083432059242
94083432059248
94083432059252
94083432059255
94083432059260
94083432059263
94083432059266
94083432059269
94083432059273
94083432059290
94083432059295
94083432059298
94083432059301
94083432059304
94083432059238
94083432059242
94083432059248
94083432059252
94083432059255
94083432059260
94083432059263
94083432059266
94083432059269
94083432059273
94083432059290
94083432059295
94083432059298
94083432059301
94083432059304
94083432059238
94083432059242
94083432059248
94083432059252
94083432059255
94083432059260
94083432059263
94083432059266
94083432059269
94083432059273
94083432059290
94083432059295
94083432059298
94083432059301
94083432059304
94083432059238
94083432059242
94083432059248
94083432059252
94083432059255
94083432059260
94083432059263
94083432059266
94083432059269
94083432059273
94083432059290
94083432059295
94083432059298
94083432059301
94083432059304
94083432059238
94083432059242
94083432059248
94083432059252
94083432059255
94083432059260
94083432059263
94083432059266
94083432059269
94083432059273
94083432059290
94083432059295
94083432059298
94083432059301
94083432059304
94083432059238
94083432059242
94083432059248
94083432059252
94083432059255
94083432059260
94083432059263
94083432059266
94083432059269
94083432059273
94083432059290
94083432059295
94083432059298
94083432059301
94083432059304
94083432059238
94083432059242
94083432059248
94083432059252
94083432059255
94083432059260
94083432059263
94083432059266
94083432059269
94083432059273
94083432059290
94083432059295
94083432059298
94083432059301
94083432059304
94083432059238
94083432059242
94083432059248
94083432059252
94083432059255
94083432059260
94083432059263
94083432059266
94083432059269
94083432059273
94083432059290
94083432059295
94083432059298
94083432059301
94083432059304
94083432059238
94083432059242
94083432059248
94083432059252
94083432059255
94083432059260
94083432059263
94083432059266
94083432059269
94083432059273
94083432059290
94083432059295
94083432059298
94083432059301
94083432059304
94083432059238
94083432059242
94083432059248
94083432059252
94083432059255
94083432059260
94083432059263
94083432059266
94083432059269
94083432059273
94083432059290
94083432059295
94083432059298
94083432059301
94083432059304
94083432059238
94083432059242
94083432059248
94083432059252
94083432059255
94083432059260
94083432059263
94083432059266
94083432059269
94083432059273
94083432059290
94083432059295
94083432059298
94083432059301
94083432059304
94083432059238
94083432059242
94083432059309 mov eax, dword ptr [rbp-0xc]
94083432059312 pop rbp
94083432059313 ret 
94083432059309
94083432059312
94083432059313
