94726304059728 push rbp
94726304059729 mov rbp, rsp
94726304059732 mov qword ptr [rbp-0x8], rdi
94726304059736 mov dword ptr [rbp-0xc], 0x0
94726304059743 mov qword ptr [rbp-0x18], 0x1
94726304059751 cmp qword ptr [rbp-0x18], 0x0
94726304059756 jz 0x56272fb451a8
94726304059762 mov rax, qword ptr [rbp-0x8]
94726304059766 and rax, qword ptr [rbp-0x18]
94726304059770 cmp rax, 0x0
94726304059774 jz 0x56272fb45189
94726304059780 jmp 0x56272fb451a8
94726304059728
94726304059729
94726304059732
94726304059736
94726304059743
94726304059751
94726304059756
94726304059762
94726304059766
94726304059770
94726304059774
94726304059785 jmp 0x56272fb4518e
94726304059785
94726304059790 mov rax, qword ptr [rbp-0x18]
94726304059794 shl rax, 0x1
94726304059798 mov qword ptr [rbp-0x18], rax
94726304059802 mov eax, dword ptr [rbp-0xc]
94726304059805 add eax, 0x1
94726304059808 mov dword ptr [rbp-0xc], eax
94726304059811 jmp 0x56272fb45167
94726304059790
94726304059794
94726304059798
94726304059802
94726304059805
94726304059808
94726304059811
94726304059751 cmp qword ptr [rbp-0x18], 0x0
94726304059756 jz 0x56272fb451a8
94726304059762 mov rax, qword ptr [rbp-0x8]
94726304059766 and rax, qword ptr [rbp-0x18]
94726304059770 cmp rax, 0x0
94726304059774 jz 0x56272fb45189
94726304059780 jmp 0x56272fb451a8
94726304059751
94726304059756
94726304059762
94726304059766
94726304059770
94726304059774
94726304059785
94726304059790
94726304059794
94726304059798
94726304059802
94726304059805
94726304059808
94726304059811
94726304059751
94726304059756
94726304059762
94726304059766
94726304059770
94726304059774
94726304059785
94726304059790
94726304059794
94726304059798
94726304059802
94726304059805
94726304059808
94726304059811
94726304059751
94726304059756
94726304059762
94726304059766
94726304059770
94726304059774
94726304059785
94726304059790
94726304059794
94726304059798
94726304059802
94726304059805
94726304059808
94726304059811
94726304059751
94726304059756
94726304059762
94726304059766
94726304059770
94726304059774
94726304059785
94726304059790
94726304059794
94726304059798
94726304059802
94726304059805
94726304059808
94726304059811
94726304059751
94726304059756
94726304059762
94726304059766
94726304059770
94726304059774
94726304059785
94726304059790
94726304059794
94726304059798
94726304059802
94726304059805
94726304059808
94726304059811
94726304059751
94726304059756
94726304059762
94726304059766
94726304059770
94726304059774
94726304059785
94726304059790
94726304059794
94726304059798
94726304059802
94726304059805
94726304059808
94726304059811
94726304059751
94726304059756
94726304059762
94726304059766
94726304059770
94726304059774
94726304059785
94726304059790
94726304059794
94726304059798
94726304059802
94726304059805
94726304059808
94726304059811
94726304059751
94726304059756
94726304059762
94726304059766
94726304059770
94726304059774
94726304059785
94726304059790
94726304059794
94726304059798
94726304059802
94726304059805
94726304059808
94726304059811
94726304059751
94726304059756
94726304059762
94726304059766
94726304059770
94726304059774
94726304059785
94726304059790
94726304059794
94726304059798
94726304059802
94726304059805
94726304059808
94726304059811
94726304059751
94726304059756
94726304059762
94726304059766
94726304059770
94726304059774
94726304059785
94726304059790
94726304059794
94726304059798
94726304059802
94726304059805
94726304059808
94726304059811
94726304059751
94726304059756
94726304059762
94726304059766
94726304059770
94726304059774
94726304059785
94726304059790
94726304059794
94726304059798
94726304059802
94726304059805
94726304059808
94726304059811
94726304059751
94726304059756
94726304059762
94726304059766
94726304059770
94726304059774
94726304059785
94726304059790
94726304059794
94726304059798
94726304059802
94726304059805
94726304059808
94726304059811
94726304059751
94726304059756
94726304059762
94726304059766
94726304059770
94726304059774
94726304059785
94726304059790
94726304059794
94726304059798
94726304059802
94726304059805
94726304059808
94726304059811
94726304059751
94726304059756
94726304059762
94726304059766
94726304059770
94726304059774
94726304059785
94726304059790
94726304059794
94726304059798
94726304059802
94726304059805
94726304059808
94726304059811
94726304059751
94726304059756
94726304059762
94726304059766
94726304059770
94726304059774
94726304059785
94726304059790
94726304059794
94726304059798
94726304059802
94726304059805
94726304059808
94726304059811
94726304059751
94726304059756
94726304059762
94726304059766
94726304059770
94726304059774
94726304059785
94726304059790
94726304059794
94726304059798
94726304059802
94726304059805
94726304059808
94726304059811
94726304059751
94726304059756
94726304059762
94726304059766
94726304059770
94726304059774
94726304059785
94726304059790
94726304059794
94726304059798
94726304059802
94726304059805
94726304059808
94726304059811
94726304059751
94726304059756
94726304059762
94726304059766
94726304059770
94726304059774
94726304059785
94726304059790
94726304059794
94726304059798
94726304059802
94726304059805
94726304059808
94726304059811
94726304059751
94726304059756
94726304059762
94726304059766
94726304059770
94726304059774
94726304059785
94726304059790
94726304059794
94726304059798
94726304059802
94726304059805
94726304059808
94726304059811
94726304059751
94726304059756
94726304059762
94726304059766
94726304059770
94726304059774
94726304059785
94726304059790
94726304059794
94726304059798
94726304059802
94726304059805
94726304059808
94726304059811
94726304059751
94726304059756
94726304059762
94726304059766
94726304059770
94726304059774
94726304059785
94726304059790
94726304059794
94726304059798
94726304059802
94726304059805
94726304059808
94726304059811
94726304059751
94726304059756
94726304059762
94726304059766
94726304059770
94726304059774
94726304059785
94726304059790
94726304059794
94726304059798
94726304059802
94726304059805
94726304059808
94726304059811
94726304059751
94726304059756
94726304059762
94726304059766
94726304059770
94726304059774
94726304059785
94726304059790
94726304059794
94726304059798
94726304059802
94726304059805
94726304059808
94726304059811
94726304059751
94726304059756
94726304059762
94726304059766
94726304059770
94726304059774
94726304059785
94726304059790
94726304059794
94726304059798
94726304059802
94726304059805
94726304059808
94726304059811
94726304059751
94726304059756
94726304059762
94726304059766
94726304059770
94726304059774
94726304059785
94726304059790
94726304059794
94726304059798
94726304059802
94726304059805
94726304059808
94726304059811
94726304059751
94726304059756
94726304059762
94726304059766
94726304059770
94726304059774
94726304059785
94726304059790
94726304059794
94726304059798
94726304059802
94726304059805
94726304059808
94726304059811
94726304059751
94726304059756
94726304059762
94726304059766
94726304059770
94726304059774
94726304059785
94726304059790
94726304059794
94726304059798
94726304059802
94726304059805
94726304059808
94726304059811
94726304059751
94726304059756
94726304059762
94726304059766
94726304059770
94726304059774
94726304059785
94726304059790
94726304059794
94726304059798
94726304059802
94726304059805
94726304059808
94726304059811
94726304059751
94726304059756
94726304059762
94726304059766
94726304059770
94726304059774
94726304059785
94726304059790
94726304059794
94726304059798
94726304059802
94726304059805
94726304059808
94726304059811
94726304059751
94726304059756
94726304059762
94726304059766
94726304059770
94726304059774
94726304059785
94726304059790
94726304059794
94726304059798
94726304059802
94726304059805
94726304059808
94726304059811
94726304059751
94726304059756
94726304059762
94726304059766
94726304059770
94726304059774
94726304059785
94726304059790
94726304059794
94726304059798
94726304059802
94726304059805
94726304059808
94726304059811
94726304059751
94726304059756
94726304059762
94726304059766
94726304059770
94726304059774
94726304059785
94726304059790
94726304059794
94726304059798
94726304059802
94726304059805
94726304059808
94726304059811
94726304059751
94726304059756
94726304059762
94726304059766
94726304059770
94726304059774
94726304059785
94726304059790
94726304059794
94726304059798
94726304059802
94726304059805
94726304059808
94726304059811
94726304059751
94726304059756
94726304059762
94726304059766
94726304059770
94726304059774
94726304059785
94726304059790
94726304059794
94726304059798
94726304059802
94726304059805
94726304059808
94726304059811
94726304059751
94726304059756
94726304059762
94726304059766
94726304059770
94726304059774
94726304059785
94726304059790
94726304059794
94726304059798
94726304059802
94726304059805
94726304059808
94726304059811
94726304059751
94726304059756
94726304059762
94726304059766
94726304059770
94726304059774
94726304059785
94726304059790
94726304059794
94726304059798
94726304059802
94726304059805
94726304059808
94726304059811
94726304059751
94726304059756
94726304059762
94726304059766
94726304059770
94726304059774
94726304059785
94726304059790
94726304059794
94726304059798
94726304059802
94726304059805
94726304059808
94726304059811
94726304059751
94726304059756
94726304059762
94726304059766
94726304059770
94726304059774
94726304059785
94726304059790
94726304059794
94726304059798
94726304059802
94726304059805
94726304059808
94726304059811
94726304059751
94726304059756
94726304059762
94726304059766
94726304059770
94726304059774
94726304059785
94726304059790
94726304059794
94726304059798
94726304059802
94726304059805
94726304059808
94726304059811
94726304059751
94726304059756
94726304059762
94726304059766
94726304059770
94726304059774
94726304059785
94726304059790
94726304059794
94726304059798
94726304059802
94726304059805
94726304059808
94726304059811
94726304059751
94726304059756
94726304059762
94726304059766
94726304059770
94726304059774
94726304059785
94726304059790
94726304059794
94726304059798
94726304059802
94726304059805
94726304059808
94726304059811
94726304059751
94726304059756
94726304059762
94726304059766
94726304059770
94726304059774
94726304059785
94726304059790
94726304059794
94726304059798
94726304059802
94726304059805
94726304059808
94726304059811
94726304059751
94726304059756
94726304059762
94726304059766
94726304059770
94726304059774
94726304059785
94726304059790
94726304059794
94726304059798
94726304059802
94726304059805
94726304059808
94726304059811
94726304059751
94726304059756
94726304059762
94726304059766
94726304059770
94726304059774
94726304059785
94726304059790
94726304059794
94726304059798
94726304059802
94726304059805
94726304059808
94726304059811
94726304059751
94726304059756
94726304059762
94726304059766
94726304059770
94726304059774
94726304059785
94726304059790
94726304059794
94726304059798
94726304059802
94726304059805
94726304059808
94726304059811
94726304059751
94726304059756
94726304059762
94726304059766
94726304059770
94726304059774
94726304059785
94726304059790
94726304059794
94726304059798
94726304059802
94726304059805
94726304059808
94726304059811
94726304059751
94726304059756
94726304059762
94726304059766
94726304059770
94726304059774
94726304059785
94726304059790
94726304059794
94726304059798
94726304059802
94726304059805
94726304059808
94726304059811
94726304059751
94726304059756
94726304059762
94726304059766
94726304059770
94726304059774
94726304059785
94726304059790
94726304059794
94726304059798
94726304059802
94726304059805
94726304059808
94726304059811
94726304059751
94726304059756
94726304059762
94726304059766
94726304059770
94726304059774
94726304059785
94726304059790
94726304059794
94726304059798
94726304059802
94726304059805
94726304059808
94726304059811
94726304059751
94726304059756
94726304059762
94726304059766
94726304059770
94726304059774
94726304059785
94726304059790
94726304059794
94726304059798
94726304059802
94726304059805
94726304059808
94726304059811
94726304059751
94726304059756
94726304059762
94726304059766
94726304059770
94726304059774
94726304059785
94726304059790
94726304059794
94726304059798
94726304059802
94726304059805
94726304059808
94726304059811
94726304059751
94726304059756
94726304059762
94726304059766
94726304059770
94726304059774
94726304059785
94726304059790
94726304059794
94726304059798
94726304059802
94726304059805
94726304059808
94726304059811
94726304059751
94726304059756
94726304059762
94726304059766
94726304059770
94726304059774
94726304059785
94726304059790
94726304059794
94726304059798
94726304059802
94726304059805
94726304059808
94726304059811
94726304059751
94726304059756
94726304059762
94726304059766
94726304059770
94726304059774
94726304059785
94726304059790
94726304059794
94726304059798
94726304059802
94726304059805
94726304059808
94726304059811
94726304059751
94726304059756
94726304059762
94726304059766
94726304059770
94726304059774
94726304059785
94726304059790
94726304059794
94726304059798
94726304059802
94726304059805
94726304059808
94726304059811
94726304059751
94726304059756
94726304059762
94726304059766
94726304059770
94726304059774
94726304059785
94726304059790
94726304059794
94726304059798
94726304059802
94726304059805
94726304059808
94726304059811
94726304059751
94726304059756
94726304059762
94726304059766
94726304059770
94726304059774
94726304059785
94726304059790
94726304059794
94726304059798
94726304059802
94726304059805
94726304059808
94726304059811
94726304059751
94726304059756
94726304059762
94726304059766
94726304059770
94726304059774
94726304059785
94726304059790
94726304059794
94726304059798
94726304059802
94726304059805
94726304059808
94726304059811
94726304059751
94726304059756
94726304059762
94726304059766
94726304059770
94726304059774
94726304059785
94726304059790
94726304059794
94726304059798
94726304059802
94726304059805
94726304059808
94726304059811
94726304059751
94726304059756
94726304059762
94726304059766
94726304059770
94726304059774
94726304059785
94726304059790
94726304059794
94726304059798
94726304059802
94726304059805
94726304059808
94726304059811
94726304059751
94726304059756
94726304059762
94726304059766
94726304059770
94726304059774
94726304059785
94726304059790
94726304059794
94726304059798
94726304059802
94726304059805
94726304059808
94726304059811
94726304059751
94726304059756
94726304059762
94726304059766
94726304059770
94726304059774
94726304059785
94726304059790
94726304059794
94726304059798
94726304059802
94726304059805
94726304059808
94726304059811
94726304059751
94726304059756
94726304059762
94726304059766
94726304059770
94726304059774
94726304059785
94726304059790
94726304059794
94726304059798
94726304059802
94726304059805
94726304059808
94726304059811
94726304059751
94726304059756
94726304059816 mov eax, dword ptr [rbp-0xc]
94726304059819 pop rbp
94726304059820 ret 
94726304059816
94726304059819
94726304059820
