93884441059664 push rbp
93884441059665 mov rbp, rsp
93884441059668 mov qword ptr [rbp-0x8], rdi
93884441059672 mov dword ptr [rbp-0xc], 0x0
93884441059679 mov qword ptr [rbp-0x18], 0x1
93884441059687 cmp dword ptr [rbp-0xc], 0x40
93884441059691 jnl 0x55632cc261a2
93884441059697 mov rax, qword ptr [rbp-0x8]
93884441059701 and rax, qword ptr [rbp-0x18]
93884441059705 cmp rax, 0x0
93884441059709 jz 0x55632cc26188
93884441059715 jmp 0x55632cc261a2
93884441059664
93884441059665
93884441059668
93884441059672
93884441059679
93884441059687
93884441059691
93884441059697
93884441059701
93884441059705
93884441059709
93884441059720 mov rax, qword ptr [rbp-0x18]
93884441059724 shl rax, 0x1
93884441059728 mov qword ptr [rbp-0x18], rax
93884441059732 mov eax, dword ptr [rbp-0xc]
93884441059735 add eax, 0x1
93884441059738 mov dword ptr [rbp-0xc], eax
93884441059741 jmp 0x55632cc26167
93884441059720
93884441059724
93884441059728
93884441059732
93884441059735
93884441059738
93884441059741
93884441059687 cmp dword ptr [rbp-0xc], 0x40
93884441059691 jnl 0x55632cc261a2
93884441059697 mov rax, qword ptr [rbp-0x8]
93884441059701 and rax, qword ptr [rbp-0x18]
93884441059705 cmp rax, 0x0
93884441059709 jz 0x55632cc26188
93884441059715 jmp 0x55632cc261a2
93884441059687
93884441059691
93884441059697
93884441059701
93884441059705
93884441059709
93884441059720
93884441059724
93884441059728
93884441059732
93884441059735
93884441059738
93884441059741
93884441059687
93884441059691
93884441059697
93884441059701
93884441059705
93884441059709
93884441059720
93884441059724
93884441059728
93884441059732
93884441059735
93884441059738
93884441059741
93884441059687
93884441059691
93884441059697
93884441059701
93884441059705
93884441059709
93884441059720
93884441059724
93884441059728
93884441059732
93884441059735
93884441059738
93884441059741
93884441059687
93884441059691
93884441059697
93884441059701
93884441059705
93884441059709
93884441059720
93884441059724
93884441059728
93884441059732
93884441059735
93884441059738
93884441059741
93884441059687
93884441059691
93884441059697
93884441059701
93884441059705
93884441059709
93884441059720
93884441059724
93884441059728
93884441059732
93884441059735
93884441059738
93884441059741
93884441059687
93884441059691
93884441059697
93884441059701
93884441059705
93884441059709
93884441059720
93884441059724
93884441059728
93884441059732
93884441059735
93884441059738
93884441059741
93884441059687
93884441059691
93884441059697
93884441059701
93884441059705
93884441059709
93884441059720
93884441059724
93884441059728
93884441059732
93884441059735
93884441059738
93884441059741
93884441059687
93884441059691
93884441059697
93884441059701
93884441059705
93884441059709
93884441059720
93884441059724
93884441059728
93884441059732
93884441059735
93884441059738
93884441059741
93884441059687
93884441059691
93884441059697
93884441059701
93884441059705
93884441059709
93884441059720
93884441059724
93884441059728
93884441059732
93884441059735
93884441059738
93884441059741
93884441059687
93884441059691
93884441059697
93884441059701
93884441059705
93884441059709
93884441059720
93884441059724
93884441059728
93884441059732
93884441059735
93884441059738
93884441059741
93884441059687
93884441059691
93884441059697
93884441059701
93884441059705
93884441059709
93884441059720
93884441059724
93884441059728
93884441059732
93884441059735
93884441059738
93884441059741
93884441059687
93884441059691
93884441059697
93884441059701
93884441059705
93884441059709
93884441059720
93884441059724
93884441059728
93884441059732
93884441059735
93884441059738
93884441059741
93884441059687
93884441059691
93884441059697
93884441059701
93884441059705
93884441059709
93884441059720
93884441059724
93884441059728
93884441059732
93884441059735
93884441059738
93884441059741
93884441059687
93884441059691
93884441059697
93884441059701
93884441059705
93884441059709
93884441059720
93884441059724
93884441059728
93884441059732
93884441059735
93884441059738
93884441059741
93884441059687
93884441059691
93884441059697
93884441059701
93884441059705
93884441059709
93884441059720
93884441059724
93884441059728
93884441059732
93884441059735
93884441059738
93884441059741
93884441059687
93884441059691
93884441059697
93884441059701
93884441059705
93884441059709
93884441059720
93884441059724
93884441059728
93884441059732
93884441059735
93884441059738
93884441059741
93884441059687
93884441059691
93884441059697
93884441059701
93884441059705
93884441059709
93884441059720
93884441059724
93884441059728
93884441059732
93884441059735
93884441059738
93884441059741
93884441059687
93884441059691
93884441059697
93884441059701
93884441059705
93884441059709
93884441059720
93884441059724
93884441059728
93884441059732
93884441059735
93884441059738
93884441059741
93884441059687
93884441059691
93884441059697
93884441059701
93884441059705
93884441059709
93884441059720
93884441059724
93884441059728
93884441059732
93884441059735
93884441059738
93884441059741
93884441059687
93884441059691
93884441059697
93884441059701
93884441059705
93884441059709
93884441059720
93884441059724
93884441059728
93884441059732
93884441059735
93884441059738
93884441059741
93884441059687
93884441059691
93884441059697
93884441059701
93884441059705
93884441059709
93884441059720
93884441059724
93884441059728
93884441059732
93884441059735
93884441059738
93884441059741
93884441059687
93884441059691
93884441059697
93884441059701
93884441059705
93884441059709
93884441059720
93884441059724
93884441059728
93884441059732
93884441059735
93884441059738
93884441059741
93884441059687
93884441059691
93884441059697
93884441059701
93884441059705
93884441059709
93884441059720
93884441059724
93884441059728
93884441059732
93884441059735
93884441059738
93884441059741
93884441059687
93884441059691
93884441059697
93884441059701
93884441059705
93884441059709
93884441059720
93884441059724
93884441059728
93884441059732
93884441059735
93884441059738
93884441059741
93884441059687
93884441059691
93884441059697
93884441059701
93884441059705
93884441059709
93884441059720
93884441059724
93884441059728
93884441059732
93884441059735
93884441059738
93884441059741
93884441059687
93884441059691
93884441059697
93884441059701
93884441059705
93884441059709
93884441059720
93884441059724
93884441059728
93884441059732
93884441059735
93884441059738
93884441059741
93884441059687
93884441059691
93884441059697
93884441059701
93884441059705
93884441059709
93884441059720
93884441059724
93884441059728
93884441059732
93884441059735
93884441059738
93884441059741
93884441059687
93884441059691
93884441059697
93884441059701
93884441059705
93884441059709
93884441059720
93884441059724
93884441059728
93884441059732
93884441059735
93884441059738
93884441059741
93884441059687
93884441059691
93884441059697
93884441059701
93884441059705
93884441059709
93884441059720
93884441059724
93884441059728
93884441059732
93884441059735
93884441059738
93884441059741
93884441059687
93884441059691
93884441059697
93884441059701
93884441059705
93884441059709
93884441059720
93884441059724
93884441059728
93884441059732
93884441059735
93884441059738
93884441059741
93884441059687
93884441059691
93884441059697
93884441059701
93884441059705
93884441059709
93884441059720
93884441059724
93884441059728
93884441059732
93884441059735
93884441059738
93884441059741
93884441059687
93884441059691
93884441059697
93884441059701
93884441059705
93884441059709
93884441059720
93884441059724
93884441059728
93884441059732
93884441059735
93884441059738
93884441059741
93884441059687
93884441059691
93884441059697
93884441059701
93884441059705
93884441059709
93884441059720
93884441059724
93884441059728
93884441059732
93884441059735
93884441059738
93884441059741
93884441059687
93884441059691
93884441059697
93884441059701
93884441059705
93884441059709
93884441059720
93884441059724
93884441059728
93884441059732
93884441059735
93884441059738
93884441059741
93884441059687
93884441059691
93884441059697
93884441059701
93884441059705
93884441059709
93884441059720
93884441059724
93884441059728
93884441059732
93884441059735
93884441059738
93884441059741
93884441059687
93884441059691
93884441059697
93884441059701
93884441059705
93884441059709
93884441059720
93884441059724
93884441059728
93884441059732
93884441059735
93884441059738
93884441059741
93884441059687
93884441059691
93884441059697
93884441059701
93884441059705
93884441059709
93884441059720
93884441059724
93884441059728
93884441059732
93884441059735
93884441059738
93884441059741
93884441059687
93884441059691
93884441059697
93884441059701
93884441059705
93884441059709
93884441059720
93884441059724
93884441059728
93884441059732
93884441059735
93884441059738
93884441059741
93884441059687
93884441059691
93884441059697
93884441059701
93884441059705
93884441059709
93884441059720
93884441059724
93884441059728
93884441059732
93884441059735
93884441059738
93884441059741
93884441059687
93884441059691
93884441059697
93884441059701
93884441059705
93884441059709
93884441059720
93884441059724
93884441059728
93884441059732
93884441059735
93884441059738
93884441059741
93884441059687
93884441059691
93884441059697
93884441059701
93884441059705
93884441059709
93884441059720
93884441059724
93884441059728
93884441059732
93884441059735
93884441059738
93884441059741
93884441059687
93884441059691
93884441059697
93884441059701
93884441059705
93884441059709
93884441059720
93884441059724
93884441059728
93884441059732
93884441059735
93884441059738
93884441059741
93884441059687
93884441059691
93884441059697
93884441059701
93884441059705
93884441059709
93884441059720
93884441059724
93884441059728
93884441059732
93884441059735
93884441059738
93884441059741
93884441059687
93884441059691
93884441059697
93884441059701
93884441059705
93884441059709
93884441059720
93884441059724
93884441059728
93884441059732
93884441059735
93884441059738
93884441059741
93884441059687
93884441059691
93884441059697
93884441059701
93884441059705
93884441059709
93884441059720
93884441059724
93884441059728
93884441059732
93884441059735
93884441059738
93884441059741
93884441059687
93884441059691
93884441059697
93884441059701
93884441059705
93884441059709
93884441059720
93884441059724
93884441059728
93884441059732
93884441059735
93884441059738
93884441059741
93884441059687
93884441059691
93884441059697
93884441059701
93884441059705
93884441059709
93884441059720
93884441059724
93884441059728
93884441059732
93884441059735
93884441059738
93884441059741
93884441059687
93884441059691
93884441059697
93884441059701
93884441059705
93884441059709
93884441059720
93884441059724
93884441059728
93884441059732
93884441059735
93884441059738
93884441059741
93884441059687
93884441059691
93884441059697
93884441059701
93884441059705
93884441059709
93884441059720
93884441059724
93884441059728
93884441059732
93884441059735
93884441059738
93884441059741
93884441059687
93884441059691
93884441059697
93884441059701
93884441059705
93884441059709
93884441059720
93884441059724
93884441059728
93884441059732
93884441059735
93884441059738
93884441059741
93884441059687
93884441059691
93884441059697
93884441059701
93884441059705
93884441059709
93884441059720
93884441059724
93884441059728
93884441059732
93884441059735
93884441059738
93884441059741
93884441059687
93884441059691
93884441059697
93884441059701
93884441059705
93884441059709
93884441059720
93884441059724
93884441059728
93884441059732
93884441059735
93884441059738
93884441059741
93884441059687
93884441059691
93884441059697
93884441059701
93884441059705
93884441059709
93884441059720
93884441059724
93884441059728
93884441059732
93884441059735
93884441059738
93884441059741
93884441059687
93884441059691
93884441059697
93884441059701
93884441059705
93884441059709
93884441059720
93884441059724
93884441059728
93884441059732
93884441059735
93884441059738
93884441059741
93884441059687
93884441059691
93884441059697
93884441059701
93884441059705
93884441059709
93884441059720
93884441059724
93884441059728
93884441059732
93884441059735
93884441059738
93884441059741
93884441059687
93884441059691
93884441059697
93884441059701
93884441059705
93884441059709
93884441059720
93884441059724
93884441059728
93884441059732
93884441059735
93884441059738
93884441059741
93884441059687
93884441059691
93884441059697
93884441059701
93884441059705
93884441059709
93884441059720
93884441059724
93884441059728
93884441059732
93884441059735
93884441059738
93884441059741
93884441059687
93884441059691
93884441059697
93884441059701
93884441059705
93884441059709
93884441059720
93884441059724
93884441059728
93884441059732
93884441059735
93884441059738
93884441059741
93884441059687
93884441059691
93884441059697
93884441059701
93884441059705
93884441059709
93884441059720
93884441059724
93884441059728
93884441059732
93884441059735
93884441059738
93884441059741
93884441059687
93884441059691
93884441059697
93884441059701
93884441059705
93884441059709
93884441059720
93884441059724
93884441059728
93884441059732
93884441059735
93884441059738
93884441059741
93884441059687
93884441059691
93884441059697
93884441059701
93884441059705
93884441059709
93884441059720
93884441059724
93884441059728
93884441059732
93884441059735
93884441059738
93884441059741
93884441059687
93884441059691
93884441059697
93884441059701
93884441059705
93884441059709
93884441059720
93884441059724
93884441059728
93884441059732
93884441059735
93884441059738
93884441059741
93884441059687
93884441059691
93884441059697
93884441059701
93884441059705
93884441059709
93884441059720
93884441059724
93884441059728
93884441059732
93884441059735
93884441059738
93884441059741
93884441059687
93884441059691
93884441059746 mov eax, dword ptr [rbp-0xc]
93884441059749 pop rbp
93884441059750 ret 
93884441059746
93884441059749
93884441059750
