94457277469008 push rbp
94457277469009 mov rbp, rsp
94457277469012 mov qword ptr [rbp-0x10], rdi
94457277469016 mov dword ptr [rbp-0x14], 0x0
94457277469023 mov dword ptr [rbp-0x18], 0x0
94457277469030 cmp dword ptr [rbp-0x18], 0x40
94457277469034 jnl 0x55e88c7851b1
94457277469040 mov rax, qword ptr [rbp-0x10]
94457277469044 mov ecx, dword ptr [rbp-0x18]
94457277469047 mov edx, 0x1
94457277469052 shl rdx, cl
94457277469055 mov rcx, rdx
94457277469058 and rax, rcx
94457277469061 cmp rax, 0x0
94457277469065 jz 0x55e88c78519a
94457277469071 mov eax, dword ptr [rbp-0x14]
94457277469074 mov dword ptr [rbp-0x4], eax
94457277469077 jmp 0x55e88c7851b7
94457277469008
94457277469009
94457277469012
94457277469016
94457277469023
94457277469030
94457277469034
94457277469040
94457277469044
94457277469047
94457277469052
94457277469055
94457277469058
94457277469061
94457277469065
94457277469082 mov eax, dword ptr [rbp-0x14]
94457277469085 add eax, 0x1
94457277469088 mov dword ptr [rbp-0x14], eax
94457277469091 mov eax, dword ptr [rbp-0x18]
94457277469094 add eax, 0x1
94457277469097 mov dword ptr [rbp-0x18], eax
94457277469100 jmp 0x55e88c785166
94457277469082
94457277469085
94457277469088
94457277469091
94457277469094
94457277469097
94457277469100
94457277469030 cmp dword ptr [rbp-0x18], 0x40
94457277469034 jnl 0x55e88c7851b1
94457277469040 mov rax, qword ptr [rbp-0x10]
94457277469044 mov ecx, dword ptr [rbp-0x18]
94457277469047 mov edx, 0x1
94457277469052 shl rdx, cl
94457277469055 mov rcx, rdx
94457277469058 and rax, rcx
94457277469061 cmp rax, 0x0
94457277469065 jz 0x55e88c78519a
94457277469071 mov eax, dword ptr [rbp-0x14]
94457277469074 mov dword ptr [rbp-0x4], eax
94457277469077 jmp 0x55e88c7851b7
94457277469030
94457277469034
94457277469040
94457277469044
94457277469047
94457277469052
94457277469055
94457277469058
94457277469061
94457277469065
94457277469082
94457277469085
94457277469088
94457277469091
94457277469094
94457277469097
94457277469100
94457277469030
94457277469034
94457277469040
94457277469044
94457277469047
94457277469052
94457277469055
94457277469058
94457277469061
94457277469065
94457277469082
94457277469085
94457277469088
94457277469091
94457277469094
94457277469097
94457277469100
94457277469030
94457277469034
94457277469040
94457277469044
94457277469047
94457277469052
94457277469055
94457277469058
94457277469061
94457277469065
94457277469082
94457277469085
94457277469088
94457277469091
94457277469094
94457277469097
94457277469100
94457277469030
94457277469034
94457277469040
94457277469044
94457277469047
94457277469052
94457277469055
94457277469058
94457277469061
94457277469065
94457277469082
94457277469085
94457277469088
94457277469091
94457277469094
94457277469097
94457277469100
94457277469030
94457277469034
94457277469040
94457277469044
94457277469047
94457277469052
94457277469055
94457277469058
94457277469061
94457277469065
94457277469082
94457277469085
94457277469088
94457277469091
94457277469094
94457277469097
94457277469100
94457277469030
94457277469034
94457277469040
94457277469044
94457277469047
94457277469052
94457277469055
94457277469058
94457277469061
94457277469065
94457277469082
94457277469085
94457277469088
94457277469091
94457277469094
94457277469097
94457277469100
94457277469030
94457277469034
94457277469040
94457277469044
94457277469047
94457277469052
94457277469055
94457277469058
94457277469061
94457277469065
94457277469082
94457277469085
94457277469088
94457277469091
94457277469094
94457277469097
94457277469100
94457277469030
94457277469034
94457277469040
94457277469044
94457277469047
94457277469052
94457277469055
94457277469058
94457277469061
94457277469065
94457277469082
94457277469085
94457277469088
94457277469091
94457277469094
94457277469097
94457277469100
94457277469030
94457277469034
94457277469040
94457277469044
94457277469047
94457277469052
94457277469055
94457277469058
94457277469061
94457277469065
94457277469082
94457277469085
94457277469088
94457277469091
94457277469094
94457277469097
94457277469100
94457277469030
94457277469034
94457277469040
94457277469044
94457277469047
94457277469052
94457277469055
94457277469058
94457277469061
94457277469065
94457277469082
94457277469085
94457277469088
94457277469091
94457277469094
94457277469097
94457277469100
94457277469030
94457277469034
94457277469040
94457277469044
94457277469047
94457277469052
94457277469055
94457277469058
94457277469061
94457277469065
94457277469082
94457277469085
94457277469088
94457277469091
94457277469094
94457277469097
94457277469100
94457277469030
94457277469034
94457277469040
94457277469044
94457277469047
94457277469052
94457277469055
94457277469058
94457277469061
94457277469065
94457277469082
94457277469085
94457277469088
94457277469091
94457277469094
94457277469097
94457277469100
94457277469030
94457277469034
94457277469040
94457277469044
94457277469047
94457277469052
94457277469055
94457277469058
94457277469061
94457277469065
94457277469082
94457277469085
94457277469088
94457277469091
94457277469094
94457277469097
94457277469100
94457277469030
94457277469034
94457277469040
94457277469044
94457277469047
94457277469052
94457277469055
94457277469058
94457277469061
94457277469065
94457277469082
94457277469085
94457277469088
94457277469091
94457277469094
94457277469097
94457277469100
94457277469030
94457277469034
94457277469040
94457277469044
94457277469047
94457277469052
94457277469055
94457277469058
94457277469061
94457277469065
94457277469082
94457277469085
94457277469088
94457277469091
94457277469094
94457277469097
94457277469100
94457277469030
94457277469034
94457277469040
94457277469044
94457277469047
94457277469052
94457277469055
94457277469058
94457277469061
94457277469065
94457277469082
94457277469085
94457277469088
94457277469091
94457277469094
94457277469097
94457277469100
94457277469030
94457277469034
94457277469040
94457277469044
94457277469047
94457277469052
94457277469055
94457277469058
94457277469061
94457277469065
94457277469082
94457277469085
94457277469088
94457277469091
94457277469094
94457277469097
94457277469100
94457277469030
94457277469034
94457277469040
94457277469044
94457277469047
94457277469052
94457277469055
94457277469058
94457277469061
94457277469065
94457277469082
94457277469085
94457277469088
94457277469091
94457277469094
94457277469097
94457277469100
94457277469030
94457277469034
94457277469040
94457277469044
94457277469047
94457277469052
94457277469055
94457277469058
94457277469061
94457277469065
94457277469082
94457277469085
94457277469088
94457277469091
94457277469094
94457277469097
94457277469100
94457277469030
94457277469034
94457277469040
94457277469044
94457277469047
94457277469052
94457277469055
94457277469058
94457277469061
94457277469065
94457277469082
94457277469085
94457277469088
94457277469091
94457277469094
94457277469097
94457277469100
94457277469030
94457277469034
94457277469040
94457277469044
94457277469047
94457277469052
94457277469055
94457277469058
94457277469061
94457277469065
94457277469082
94457277469085
94457277469088
94457277469091
94457277469094
94457277469097
94457277469100
94457277469030
94457277469034
94457277469040
94457277469044
94457277469047
94457277469052
94457277469055
94457277469058
94457277469061
94457277469065
94457277469082
94457277469085
94457277469088
94457277469091
94457277469094
94457277469097
94457277469100
94457277469030
94457277469034
94457277469040
94457277469044
94457277469047
94457277469052
94457277469055
94457277469058
94457277469061
94457277469065
94457277469082
94457277469085
94457277469088
94457277469091
94457277469094
94457277469097
94457277469100
94457277469030
94457277469034
94457277469040
94457277469044
94457277469047
94457277469052
94457277469055
94457277469058
94457277469061
94457277469065
94457277469082
94457277469085
94457277469088
94457277469091
94457277469094
94457277469097
94457277469100
94457277469030
94457277469034
94457277469040
94457277469044
94457277469047
94457277469052
94457277469055
94457277469058
94457277469061
94457277469065
94457277469082
94457277469085
94457277469088
94457277469091
94457277469094
94457277469097
94457277469100
94457277469030
94457277469034
94457277469040
94457277469044
94457277469047
94457277469052
94457277469055
94457277469058
94457277469061
94457277469065
94457277469082
94457277469085
94457277469088
94457277469091
94457277469094
94457277469097
94457277469100
94457277469030
94457277469034
94457277469040
94457277469044
94457277469047
94457277469052
94457277469055
94457277469058
94457277469061
94457277469065
94457277469082
94457277469085
94457277469088
94457277469091
94457277469094
94457277469097
94457277469100
94457277469030
94457277469034
94457277469040
94457277469044
94457277469047
94457277469052
94457277469055
94457277469058
94457277469061
94457277469065
94457277469082
94457277469085
94457277469088
94457277469091
94457277469094
94457277469097
94457277469100
94457277469030
94457277469034
94457277469040
94457277469044
94457277469047
94457277469052
94457277469055
94457277469058
94457277469061
94457277469065
94457277469082
94457277469085
94457277469088
94457277469091
94457277469094
94457277469097
94457277469100
94457277469030
94457277469034
94457277469040
94457277469044
94457277469047
94457277469052
94457277469055
94457277469058
94457277469061
94457277469065
94457277469082
94457277469085
94457277469088
94457277469091
94457277469094
94457277469097
94457277469100
94457277469030
94457277469034
94457277469040
94457277469044
94457277469047
94457277469052
94457277469055
94457277469058
94457277469061
94457277469065
94457277469082
94457277469085
94457277469088
94457277469091
94457277469094
94457277469097
94457277469100
94457277469030
94457277469034
94457277469040
94457277469044
94457277469047
94457277469052
94457277469055
94457277469058
94457277469061
94457277469065
94457277469082
94457277469085
94457277469088
94457277469091
94457277469094
94457277469097
94457277469100
94457277469030
94457277469034
94457277469040
94457277469044
94457277469047
94457277469052
94457277469055
94457277469058
94457277469061
94457277469065
94457277469082
94457277469085
94457277469088
94457277469091
94457277469094
94457277469097
94457277469100
94457277469030
94457277469034
94457277469040
94457277469044
94457277469047
94457277469052
94457277469055
94457277469058
94457277469061
94457277469065
94457277469082
94457277469085
94457277469088
94457277469091
94457277469094
94457277469097
94457277469100
94457277469030
94457277469034
94457277469040
94457277469044
94457277469047
94457277469052
94457277469055
94457277469058
94457277469061
94457277469065
94457277469082
94457277469085
94457277469088
94457277469091
94457277469094
94457277469097
94457277469100
94457277469030
94457277469034
94457277469040
94457277469044
94457277469047
94457277469052
94457277469055
94457277469058
94457277469061
94457277469065
94457277469082
94457277469085
94457277469088
94457277469091
94457277469094
94457277469097
94457277469100
94457277469030
94457277469034
94457277469040
94457277469044
94457277469047
94457277469052
94457277469055
94457277469058
94457277469061
94457277469065
94457277469082
94457277469085
94457277469088
94457277469091
94457277469094
94457277469097
94457277469100
94457277469030
94457277469034
94457277469040
94457277469044
94457277469047
94457277469052
94457277469055
94457277469058
94457277469061
94457277469065
94457277469082
94457277469085
94457277469088
94457277469091
94457277469094
94457277469097
94457277469100
94457277469030
94457277469034
94457277469040
94457277469044
94457277469047
94457277469052
94457277469055
94457277469058
94457277469061
94457277469065
94457277469082
94457277469085
94457277469088
94457277469091
94457277469094
94457277469097
94457277469100
94457277469030
94457277469034
94457277469040
94457277469044
94457277469047
94457277469052
94457277469055
94457277469058
94457277469061
94457277469065
94457277469082
94457277469085
94457277469088
94457277469091
94457277469094
94457277469097
94457277469100
94457277469030
94457277469034
94457277469040
94457277469044
94457277469047
94457277469052
94457277469055
94457277469058
94457277469061
94457277469065
94457277469082
94457277469085
94457277469088
94457277469091
94457277469094
94457277469097
94457277469100
94457277469030
94457277469034
94457277469040
94457277469044
94457277469047
94457277469052
94457277469055
94457277469058
94457277469061
94457277469065
94457277469082
94457277469085
94457277469088
94457277469091
94457277469094
94457277469097
94457277469100
94457277469030
94457277469034
94457277469040
94457277469044
94457277469047
94457277469052
94457277469055
94457277469058
94457277469061
94457277469065
94457277469082
94457277469085
94457277469088
94457277469091
94457277469094
94457277469097
94457277469100
94457277469030
94457277469034
94457277469040
94457277469044
94457277469047
94457277469052
94457277469055
94457277469058
94457277469061
94457277469065
94457277469082
94457277469085
94457277469088
94457277469091
94457277469094
94457277469097
94457277469100
94457277469030
94457277469034
94457277469040
94457277469044
94457277469047
94457277469052
94457277469055
94457277469058
94457277469061
94457277469065
94457277469082
94457277469085
94457277469088
94457277469091
94457277469094
94457277469097
94457277469100
94457277469030
94457277469034
94457277469040
94457277469044
94457277469047
94457277469052
94457277469055
94457277469058
94457277469061
94457277469065
94457277469082
94457277469085
94457277469088
94457277469091
94457277469094
94457277469097
94457277469100
94457277469030
94457277469034
94457277469040
94457277469044
94457277469047
94457277469052
94457277469055
94457277469058
94457277469061
94457277469065
94457277469082
94457277469085
94457277469088
94457277469091
94457277469094
94457277469097
94457277469100
94457277469030
94457277469034
94457277469040
94457277469044
94457277469047
94457277469052
94457277469055
94457277469058
94457277469061
94457277469065
94457277469082
94457277469085
94457277469088
94457277469091
94457277469094
94457277469097
94457277469100
94457277469030
94457277469034
94457277469040
94457277469044
94457277469047
94457277469052
94457277469055
94457277469058
94457277469061
94457277469065
94457277469082
94457277469085
94457277469088
94457277469091
94457277469094
94457277469097
94457277469100
94457277469030
94457277469034
94457277469040
94457277469044
94457277469047
94457277469052
94457277469055
94457277469058
94457277469061
94457277469065
94457277469082
94457277469085
94457277469088
94457277469091
94457277469094
94457277469097
94457277469100
94457277469030
94457277469034
94457277469040
94457277469044
94457277469047
94457277469052
94457277469055
94457277469058
94457277469061
94457277469065
94457277469082
94457277469085
94457277469088
94457277469091
94457277469094
94457277469097
94457277469100
94457277469030
94457277469034
94457277469040
94457277469044
94457277469047
94457277469052
94457277469055
94457277469058
94457277469061
94457277469065
94457277469082
94457277469085
94457277469088
94457277469091
94457277469094
94457277469097
94457277469100
94457277469030
94457277469034
94457277469040
94457277469044
94457277469047
94457277469052
94457277469055
94457277469058
94457277469061
94457277469065
94457277469082
94457277469085
94457277469088
94457277469091
94457277469094
94457277469097
94457277469100
94457277469030
94457277469034
94457277469040
94457277469044
94457277469047
94457277469052
94457277469055
94457277469058
94457277469061
94457277469065
94457277469082
94457277469085
94457277469088
94457277469091
94457277469094
94457277469097
94457277469100
94457277469030
94457277469034
94457277469040
94457277469044
94457277469047
94457277469052
94457277469055
94457277469058
94457277469061
94457277469065
94457277469082
94457277469085
94457277469088
94457277469091
94457277469094
94457277469097
94457277469100
94457277469030
94457277469034
94457277469040
94457277469044
94457277469047
94457277469052
94457277469055
94457277469058
94457277469061
94457277469065
94457277469082
94457277469085
94457277469088
94457277469091
94457277469094
94457277469097
94457277469100
94457277469030
94457277469034
94457277469040
94457277469044
94457277469047
94457277469052
94457277469055
94457277469058
94457277469061
94457277469065
94457277469082
94457277469085
94457277469088
94457277469091
94457277469094
94457277469097
94457277469100
94457277469030
94457277469034
94457277469040
94457277469044
94457277469047
94457277469052
94457277469055
94457277469058
94457277469061
94457277469065
94457277469082
94457277469085
94457277469088
94457277469091
94457277469094
94457277469097
94457277469100
94457277469030
94457277469034
94457277469040
94457277469044
94457277469047
94457277469052
94457277469055
94457277469058
94457277469061
94457277469065
94457277469082
94457277469085
94457277469088
94457277469091
94457277469094
94457277469097
94457277469100
94457277469030
94457277469034
94457277469040
94457277469044
94457277469047
94457277469052
94457277469055
94457277469058
94457277469061
94457277469065
94457277469082
94457277469085
94457277469088
94457277469091
94457277469094
94457277469097
94457277469100
94457277469030
94457277469034
94457277469040
94457277469044
94457277469047
94457277469052
94457277469055
94457277469058
94457277469061
94457277469065
94457277469082
94457277469085
94457277469088
94457277469091
94457277469094
94457277469097
94457277469100
94457277469030
94457277469034
94457277469040
94457277469044
94457277469047
94457277469052
94457277469055
94457277469058
94457277469061
94457277469065
94457277469082
94457277469085
94457277469088
94457277469091
94457277469094
94457277469097
94457277469100
94457277469030
94457277469034
94457277469040
94457277469044
94457277469047
94457277469052
94457277469055
94457277469058
94457277469061
94457277469065
94457277469082
94457277469085
94457277469088
94457277469091
94457277469094
94457277469097
94457277469100
94457277469030
94457277469034
94457277469105 mov eax, dword ptr [rbp-0x14]
94457277469108 mov dword ptr [rbp-0x4], eax
94457277469111 mov eax, dword ptr [rbp-0x4]
94457277469114 pop rbp
94457277469115 ret 
94457277469105
94457277469108
94457277469111
94457277469114
94457277469115
