94279873667408 push rbp
94279873667409 mov rbp, rsp
94279873667412 mov qword ptr [rbp-0x10], rdi
94279873667416 xor eax, eax
94279873667418 mov qword ptr [rbp-0x8], rax
94279873667422 jmp 0x55bf3e612213
94279873667408
94279873667409
94279873667412
94279873667416
94279873667418
94279873667422
94279873667603 mov rdx, qword ptr [rbp-0x10]
94279873667607 mov rax, qword ptr [rbp-0x8]
94279873667611 mov qword ptr [rbp-0x20], rax
94279873667615 mov esi, 0x1
94279873667620 mov rcx, rax
94279873667623 shl rsi, cl
94279873667626 mov rcx, rsi
94279873667629 and rcx, rdx
94279873667632 cmp rcx, 0x0
94279873667636 mov qword ptr [rbp-0x18], rax
94279873667640 jz 0x55bf3e612163
94279873667646 jmp 0x55bf3e612207
94279873667603
94279873667607
94279873667611
94279873667615
94279873667620
94279873667623
94279873667626
94279873667629
94279873667632
94279873667636
94279873667640
94279873667427 mov rdx, qword ptr [rbp-0x10]
94279873667431 mov rax, qword ptr [rbp-0x20]
94279873667435 or rax, 0x1
94279873667439 mov esi, 0x1
94279873667444 mov rcx, rax
94279873667447 shl rsi, cl
94279873667450 mov rcx, rsi
94279873667453 and rcx, rdx
94279873667456 cmp rcx, 0x0
94279873667460 mov qword ptr [rbp-0x18], rax
94279873667464 jnz 0x55bf3e612207
94279873667470 mov rdx, qword ptr [rbp-0x10]
94279873667474 mov rax, qword ptr [rbp-0x20]
94279873667478 or rax, 0x2
94279873667482 mov esi, 0x1
94279873667487 mov rcx, rax
94279873667490 shl rsi, cl
94279873667493 mov rcx, rsi
94279873667496 and rcx, rdx
94279873667499 cmp rcx, 0x0
94279873667503 mov qword ptr [rbp-0x18], rax
94279873667507 jnz 0x55bf3e612207
94279873667513 mov rdx, qword ptr [rbp-0x10]
94279873667517 mov rax, qword ptr [rbp-0x20]
94279873667521 or rax, 0x3
94279873667525 mov esi, 0x1
94279873667530 mov rcx, rax
94279873667533 shl rsi, cl
94279873667536 mov rcx, rsi
94279873667539 and rcx, rdx
94279873667542 cmp rcx, 0x0
94279873667546 mov qword ptr [rbp-0x18], rax
94279873667550 jnz 0x55bf3e612207
94279873667427
94279873667431
94279873667435
94279873667439
94279873667444
94279873667447
94279873667450
94279873667453
94279873667456
94279873667460
94279873667464
94279873667470
94279873667474
94279873667478
94279873667482
94279873667487
94279873667490
94279873667493
94279873667496
94279873667499
94279873667503
94279873667507
94279873667513
94279873667517
94279873667521
94279873667525
94279873667530
94279873667533
94279873667536
94279873667539
94279873667542
94279873667546
94279873667550
94279873667556 mov rax, qword ptr [rbp-0x20]
94279873667560 add rax, 0x4
94279873667564 mov ecx, 0x40
94279873667569 cmp rax, 0x40
94279873667573 mov dword ptr [rbp-0x24], ecx
94279873667576 mov qword ptr [rbp-0x8], rax
94279873667580 jz 0x55bf3e61220e
94279873667586 jmp 0x55bf3e612213
94279873667556
94279873667560
94279873667564
94279873667569
94279873667573
94279873667576
94279873667580
94279873667586
94279873667603
94279873667607
94279873667611
94279873667615
94279873667620
94279873667623
94279873667626
94279873667629
94279873667632
94279873667636
94279873667640
94279873667427
94279873667431
94279873667435
94279873667439
94279873667444
94279873667447
94279873667450
94279873667453
94279873667456
94279873667460
94279873667464
94279873667470
94279873667474
94279873667478
94279873667482
94279873667487
94279873667490
94279873667493
94279873667496
94279873667499
94279873667503
94279873667507
94279873667513
94279873667517
94279873667521
94279873667525
94279873667530
94279873667533
94279873667536
94279873667539
94279873667542
94279873667546
94279873667550
94279873667556
94279873667560
94279873667564
94279873667569
94279873667573
94279873667576
94279873667580
94279873667586
94279873667603
94279873667607
94279873667611
94279873667615
94279873667620
94279873667623
94279873667626
94279873667629
94279873667632
94279873667636
94279873667640
94279873667427
94279873667431
94279873667435
94279873667439
94279873667444
94279873667447
94279873667450
94279873667453
94279873667456
94279873667460
94279873667464
94279873667470
94279873667474
94279873667478
94279873667482
94279873667487
94279873667490
94279873667493
94279873667496
94279873667499
94279873667503
94279873667507
94279873667513
94279873667517
94279873667521
94279873667525
94279873667530
94279873667533
94279873667536
94279873667539
94279873667542
94279873667546
94279873667550
94279873667556
94279873667560
94279873667564
94279873667569
94279873667573
94279873667576
94279873667580
94279873667586
94279873667603
94279873667607
94279873667611
94279873667615
94279873667620
94279873667623
94279873667626
94279873667629
94279873667632
94279873667636
94279873667640
94279873667427
94279873667431
94279873667435
94279873667439
94279873667444
94279873667447
94279873667450
94279873667453
94279873667456
94279873667460
94279873667464
94279873667470
94279873667474
94279873667478
94279873667482
94279873667487
94279873667490
94279873667493
94279873667496
94279873667499
94279873667503
94279873667507
94279873667513
94279873667517
94279873667521
94279873667525
94279873667530
94279873667533
94279873667536
94279873667539
94279873667542
94279873667546
94279873667550
94279873667556
94279873667560
94279873667564
94279873667569
94279873667573
94279873667576
94279873667580
94279873667586
94279873667603
94279873667607
94279873667611
94279873667615
94279873667620
94279873667623
94279873667626
94279873667629
94279873667632
94279873667636
94279873667640
94279873667427
94279873667431
94279873667435
94279873667439
94279873667444
94279873667447
94279873667450
94279873667453
94279873667456
94279873667460
94279873667464
94279873667470
94279873667474
94279873667478
94279873667482
94279873667487
94279873667490
94279873667493
94279873667496
94279873667499
94279873667503
94279873667507
94279873667513
94279873667517
94279873667521
94279873667525
94279873667530
94279873667533
94279873667536
94279873667539
94279873667542
94279873667546
94279873667550
94279873667556
94279873667560
94279873667564
94279873667569
94279873667573
94279873667576
94279873667580
94279873667586
94279873667603
94279873667607
94279873667611
94279873667615
94279873667620
94279873667623
94279873667626
94279873667629
94279873667632
94279873667636
94279873667640
94279873667427
94279873667431
94279873667435
94279873667439
94279873667444
94279873667447
94279873667450
94279873667453
94279873667456
94279873667460
94279873667464
94279873667470
94279873667474
94279873667478
94279873667482
94279873667487
94279873667490
94279873667493
94279873667496
94279873667499
94279873667503
94279873667507
94279873667513
94279873667517
94279873667521
94279873667525
94279873667530
94279873667533
94279873667536
94279873667539
94279873667542
94279873667546
94279873667550
94279873667556
94279873667560
94279873667564
94279873667569
94279873667573
94279873667576
94279873667580
94279873667586
94279873667603
94279873667607
94279873667611
94279873667615
94279873667620
94279873667623
94279873667626
94279873667629
94279873667632
94279873667636
94279873667640
94279873667427
94279873667431
94279873667435
94279873667439
94279873667444
94279873667447
94279873667450
94279873667453
94279873667456
94279873667460
94279873667464
94279873667470
94279873667474
94279873667478
94279873667482
94279873667487
94279873667490
94279873667493
94279873667496
94279873667499
94279873667503
94279873667507
94279873667513
94279873667517
94279873667521
94279873667525
94279873667530
94279873667533
94279873667536
94279873667539
94279873667542
94279873667546
94279873667550
94279873667556
94279873667560
94279873667564
94279873667569
94279873667573
94279873667576
94279873667580
94279873667586
94279873667603
94279873667607
94279873667611
94279873667615
94279873667620
94279873667623
94279873667626
94279873667629
94279873667632
94279873667636
94279873667640
94279873667427
94279873667431
94279873667435
94279873667439
94279873667444
94279873667447
94279873667450
94279873667453
94279873667456
94279873667460
94279873667464
94279873667470
94279873667474
94279873667478
94279873667482
94279873667487
94279873667490
94279873667493
94279873667496
94279873667499
94279873667503
94279873667507
94279873667513
94279873667517
94279873667521
94279873667525
94279873667530
94279873667533
94279873667536
94279873667539
94279873667542
94279873667546
94279873667550
94279873667556
94279873667560
94279873667564
94279873667569
94279873667573
94279873667576
94279873667580
94279873667586
94279873667603
94279873667607
94279873667611
94279873667615
94279873667620
94279873667623
94279873667626
94279873667629
94279873667632
94279873667636
94279873667640
94279873667427
94279873667431
94279873667435
94279873667439
94279873667444
94279873667447
94279873667450
94279873667453
94279873667456
94279873667460
94279873667464
94279873667470
94279873667474
94279873667478
94279873667482
94279873667487
94279873667490
94279873667493
94279873667496
94279873667499
94279873667503
94279873667507
94279873667513
94279873667517
94279873667521
94279873667525
94279873667530
94279873667533
94279873667536
94279873667539
94279873667542
94279873667546
94279873667550
94279873667556
94279873667560
94279873667564
94279873667569
94279873667573
94279873667576
94279873667580
94279873667586
94279873667603
94279873667607
94279873667611
94279873667615
94279873667620
94279873667623
94279873667626
94279873667629
94279873667632
94279873667636
94279873667640
94279873667427
94279873667431
94279873667435
94279873667439
94279873667444
94279873667447
94279873667450
94279873667453
94279873667456
94279873667460
94279873667464
94279873667470
94279873667474
94279873667478
94279873667482
94279873667487
94279873667490
94279873667493
94279873667496
94279873667499
94279873667503
94279873667507
94279873667513
94279873667517
94279873667521
94279873667525
94279873667530
94279873667533
94279873667536
94279873667539
94279873667542
94279873667546
94279873667550
94279873667556
94279873667560
94279873667564
94279873667569
94279873667573
94279873667576
94279873667580
94279873667586
94279873667603
94279873667607
94279873667611
94279873667615
94279873667620
94279873667623
94279873667626
94279873667629
94279873667632
94279873667636
94279873667640
94279873667427
94279873667431
94279873667435
94279873667439
94279873667444
94279873667447
94279873667450
94279873667453
94279873667456
94279873667460
94279873667464
94279873667470
94279873667474
94279873667478
94279873667482
94279873667487
94279873667490
94279873667493
94279873667496
94279873667499
94279873667503
94279873667507
94279873667513
94279873667517
94279873667521
94279873667525
94279873667530
94279873667533
94279873667536
94279873667539
94279873667542
94279873667546
94279873667550
94279873667556
94279873667560
94279873667564
94279873667569
94279873667573
94279873667576
94279873667580
94279873667586
94279873667603
94279873667607
94279873667611
94279873667615
94279873667620
94279873667623
94279873667626
94279873667629
94279873667632
94279873667636
94279873667640
94279873667427
94279873667431
94279873667435
94279873667439
94279873667444
94279873667447
94279873667450
94279873667453
94279873667456
94279873667460
94279873667464
94279873667470
94279873667474
94279873667478
94279873667482
94279873667487
94279873667490
94279873667493
94279873667496
94279873667499
94279873667503
94279873667507
94279873667513
94279873667517
94279873667521
94279873667525
94279873667530
94279873667533
94279873667536
94279873667539
94279873667542
94279873667546
94279873667550
94279873667556
94279873667560
94279873667564
94279873667569
94279873667573
94279873667576
94279873667580
94279873667586
94279873667603
94279873667607
94279873667611
94279873667615
94279873667620
94279873667623
94279873667626
94279873667629
94279873667632
94279873667636
94279873667640
94279873667427
94279873667431
94279873667435
94279873667439
94279873667444
94279873667447
94279873667450
94279873667453
94279873667456
94279873667460
94279873667464
94279873667470
94279873667474
94279873667478
94279873667482
94279873667487
94279873667490
94279873667493
94279873667496
94279873667499
94279873667503
94279873667507
94279873667513
94279873667517
94279873667521
94279873667525
94279873667530
94279873667533
94279873667536
94279873667539
94279873667542
94279873667546
94279873667550
94279873667556
94279873667560
94279873667564
94279873667569
94279873667573
94279873667576
94279873667580
94279873667586
94279873667603
94279873667607
94279873667611
94279873667615
94279873667620
94279873667623
94279873667626
94279873667629
94279873667632
94279873667636
94279873667640
94279873667427
94279873667431
94279873667435
94279873667439
94279873667444
94279873667447
94279873667450
94279873667453
94279873667456
94279873667460
94279873667464
94279873667470
94279873667474
94279873667478
94279873667482
94279873667487
94279873667490
94279873667493
94279873667496
94279873667499
94279873667503
94279873667507
94279873667513
94279873667517
94279873667521
94279873667525
94279873667530
94279873667533
94279873667536
94279873667539
94279873667542
94279873667546
94279873667550
94279873667556
94279873667560
94279873667564
94279873667569
94279873667573
94279873667576
94279873667580
94279873667586
94279873667603
94279873667607
94279873667611
94279873667615
94279873667620
94279873667623
94279873667626
94279873667629
94279873667632
94279873667636
94279873667640
94279873667427
94279873667431
94279873667435
94279873667439
94279873667444
94279873667447
94279873667450
94279873667453
94279873667456
94279873667460
94279873667464
94279873667470
94279873667474
94279873667478
94279873667482
94279873667487
94279873667490
94279873667493
94279873667496
94279873667499
94279873667503
94279873667507
94279873667513
94279873667517
94279873667521
94279873667525
94279873667530
94279873667533
94279873667536
94279873667539
94279873667542
94279873667546
94279873667550
94279873667556
94279873667560
94279873667564
94279873667569
94279873667573
94279873667576
94279873667580
94279873667586
94279873667603
94279873667607
94279873667611
94279873667615
94279873667620
94279873667623
94279873667626
94279873667629
94279873667632
94279873667636
94279873667640
94279873667427
94279873667431
94279873667435
94279873667439
94279873667444
94279873667447
94279873667450
94279873667453
94279873667456
94279873667460
94279873667464
94279873667470
94279873667474
94279873667478
94279873667482
94279873667487
94279873667490
94279873667493
94279873667496
94279873667499
94279873667503
94279873667507
94279873667513
94279873667517
94279873667521
94279873667525
94279873667530
94279873667533
94279873667536
94279873667539
94279873667542
94279873667546
94279873667550
94279873667556
94279873667560
94279873667564
94279873667569
94279873667573
94279873667576
94279873667580
94279873667598 mov eax, dword ptr [rbp-0x24]
94279873667601 pop rbp
94279873667602 ret 
94279873667598
94279873667601
94279873667602
