94193597608272 push rbp
94193597608273 mov rbp, rsp
94193597608276 mov qword ptr [rbp-0x8], rdi
94193597608280 mov dword ptr [rbp-0x14], 0x0
94193597608287 mov dword ptr [rbp-0x18], 0x0
94193597608294 mov dword ptr [rbp-0xc], 0x0
94193597608301 cmp dword ptr [rbp-0xc], 0x40
94193597608305 jnl 0x55ab27ecf1b3
94193597608311 mov rax, qword ptr [rbp-0x8]
94193597608315 mov ecx, dword ptr [rbp-0xc]
94193597608318 shr rax, cl
94193597608321 and rax, 0x1
94193597608325 mov dword ptr [rbp-0x10], eax
94193597608328 mov eax, dword ptr [rbp-0x10]
94193597608331 or eax, dword ptr [rbp-0x14]
94193597608334 mov dword ptr [rbp-0x14], eax
94193597608337 mov eax, dword ptr [rbp-0x14]
94193597608340 xor eax, 0x1
94193597608343 mov ecx, dword ptr [rbp-0x10]
94193597608346 xor ecx, 0x1
94193597608349 and eax, ecx
94193597608351 add eax, dword ptr [rbp-0x18]
94193597608354 mov dword ptr [rbp-0x18], eax
94193597608357 mov eax, dword ptr [rbp-0xc]
94193597608360 add eax, 0x1
94193597608363 mov dword ptr [rbp-0xc], eax
94193597608366 jmp 0x55ab27ecf16d
94193597608272
94193597608273
94193597608276
94193597608280
94193597608287
94193597608294
94193597608301
94193597608305
94193597608311
94193597608315
94193597608318
94193597608321
94193597608325
94193597608328
94193597608331
94193597608334
94193597608337
94193597608340
94193597608343
94193597608346
94193597608349
94193597608351
94193597608354
94193597608357
94193597608360
94193597608363
94193597608366
94193597608301 cmp dword ptr [rbp-0xc], 0x40
94193597608305 jnl 0x55ab27ecf1b3
94193597608311 mov rax, qword ptr [rbp-0x8]
94193597608315 mov ecx, dword ptr [rbp-0xc]
94193597608318 shr rax, cl
94193597608321 and rax, 0x1
94193597608325 mov dword ptr [rbp-0x10], eax
94193597608328 mov eax, dword ptr [rbp-0x10]
94193597608331 or eax, dword ptr [rbp-0x14]
94193597608334 mov dword ptr [rbp-0x14], eax
94193597608337 mov eax, dword ptr [rbp-0x14]
94193597608340 xor eax, 0x1
94193597608343 mov ecx, dword ptr [rbp-0x10]
94193597608346 xor ecx, 0x1
94193597608349 and eax, ecx
94193597608351 add eax, dword ptr [rbp-0x18]
94193597608354 mov dword ptr [rbp-0x18], eax
94193597608357 mov eax, dword ptr [rbp-0xc]
94193597608360 add eax, 0x1
94193597608363 mov dword ptr [rbp-0xc], eax
94193597608366 jmp 0x55ab27ecf16d
94193597608301
94193597608305
94193597608311
94193597608315
94193597608318
94193597608321
94193597608325
94193597608328
94193597608331
94193597608334
94193597608337
94193597608340
94193597608343
94193597608346
94193597608349
94193597608351
94193597608354
94193597608357
94193597608360
94193597608363
94193597608366
94193597608301
94193597608305
94193597608311
94193597608315
94193597608318
94193597608321
94193597608325
94193597608328
94193597608331
94193597608334
94193597608337
94193597608340
94193597608343
94193597608346
94193597608349
94193597608351
94193597608354
94193597608357
94193597608360
94193597608363
94193597608366
94193597608301
94193597608305
94193597608311
94193597608315
94193597608318
94193597608321
94193597608325
94193597608328
94193597608331
94193597608334
94193597608337
94193597608340
94193597608343
94193597608346
94193597608349
94193597608351
94193597608354
94193597608357
94193597608360
94193597608363
94193597608366
94193597608301
94193597608305
94193597608311
94193597608315
94193597608318
94193597608321
94193597608325
94193597608328
94193597608331
94193597608334
94193597608337
94193597608340
94193597608343
94193597608346
94193597608349
94193597608351
94193597608354
94193597608357
94193597608360
94193597608363
94193597608366
94193597608301
94193597608305
94193597608311
94193597608315
94193597608318
94193597608321
94193597608325
94193597608328
94193597608331
94193597608334
94193597608337
94193597608340
94193597608343
94193597608346
94193597608349
94193597608351
94193597608354
94193597608357
94193597608360
94193597608363
94193597608366
94193597608301
94193597608305
94193597608311
94193597608315
94193597608318
94193597608321
94193597608325
94193597608328
94193597608331
94193597608334
94193597608337
94193597608340
94193597608343
94193597608346
94193597608349
94193597608351
94193597608354
94193597608357
94193597608360
94193597608363
94193597608366
94193597608301
94193597608305
94193597608311
94193597608315
94193597608318
94193597608321
94193597608325
94193597608328
94193597608331
94193597608334
94193597608337
94193597608340
94193597608343
94193597608346
94193597608349
94193597608351
94193597608354
94193597608357
94193597608360
94193597608363
94193597608366
94193597608301
94193597608305
94193597608311
94193597608315
94193597608318
94193597608321
94193597608325
94193597608328
94193597608331
94193597608334
94193597608337
94193597608340
94193597608343
94193597608346
94193597608349
94193597608351
94193597608354
94193597608357
94193597608360
94193597608363
94193597608366
94193597608301
94193597608305
94193597608311
94193597608315
94193597608318
94193597608321
94193597608325
94193597608328
94193597608331
94193597608334
94193597608337
94193597608340
94193597608343
94193597608346
94193597608349
94193597608351
94193597608354
94193597608357
94193597608360
94193597608363
94193597608366
94193597608301
94193597608305
94193597608311
94193597608315
94193597608318
94193597608321
94193597608325
94193597608328
94193597608331
94193597608334
94193597608337
94193597608340
94193597608343
94193597608346
94193597608349
94193597608351
94193597608354
94193597608357
94193597608360
94193597608363
94193597608366
94193597608301
94193597608305
94193597608311
94193597608315
94193597608318
94193597608321
94193597608325
94193597608328
94193597608331
94193597608334
94193597608337
94193597608340
94193597608343
94193597608346
94193597608349
94193597608351
94193597608354
94193597608357
94193597608360
94193597608363
94193597608366
94193597608301
94193597608305
94193597608311
94193597608315
94193597608318
94193597608321
94193597608325
94193597608328
94193597608331
94193597608334
94193597608337
94193597608340
94193597608343
94193597608346
94193597608349
94193597608351
94193597608354
94193597608357
94193597608360
94193597608363
94193597608366
94193597608301
94193597608305
94193597608311
94193597608315
94193597608318
94193597608321
94193597608325
94193597608328
94193597608331
94193597608334
94193597608337
94193597608340
94193597608343
94193597608346
94193597608349
94193597608351
94193597608354
94193597608357
94193597608360
94193597608363
94193597608366
94193597608301
94193597608305
94193597608311
94193597608315
94193597608318
94193597608321
94193597608325
94193597608328
94193597608331
94193597608334
94193597608337
94193597608340
94193597608343
94193597608346
94193597608349
94193597608351
94193597608354
94193597608357
94193597608360
94193597608363
94193597608366
94193597608301
94193597608305
94193597608311
94193597608315
94193597608318
94193597608321
94193597608325
94193597608328
94193597608331
94193597608334
94193597608337
94193597608340
94193597608343
94193597608346
94193597608349
94193597608351
94193597608354
94193597608357
94193597608360
94193597608363
94193597608366
94193597608301
94193597608305
94193597608311
94193597608315
94193597608318
94193597608321
94193597608325
94193597608328
94193597608331
94193597608334
94193597608337
94193597608340
94193597608343
94193597608346
94193597608349
94193597608351
94193597608354
94193597608357
94193597608360
94193597608363
94193597608366
94193597608301
94193597608305
94193597608311
94193597608315
94193597608318
94193597608321
94193597608325
94193597608328
94193597608331
94193597608334
94193597608337
94193597608340
94193597608343
94193597608346
94193597608349
94193597608351
94193597608354
94193597608357
94193597608360
94193597608363
94193597608366
94193597608301
94193597608305
94193597608311
94193597608315
94193597608318
94193597608321
94193597608325
94193597608328
94193597608331
94193597608334
94193597608337
94193597608340
94193597608343
94193597608346
94193597608349
94193597608351
94193597608354
94193597608357
94193597608360
94193597608363
94193597608366
94193597608301
94193597608305
94193597608311
94193597608315
94193597608318
94193597608321
94193597608325
94193597608328
94193597608331
94193597608334
94193597608337
94193597608340
94193597608343
94193597608346
94193597608349
94193597608351
94193597608354
94193597608357
94193597608360
94193597608363
94193597608366
94193597608301
94193597608305
94193597608311
94193597608315
94193597608318
94193597608321
94193597608325
94193597608328
94193597608331
94193597608334
94193597608337
94193597608340
94193597608343
94193597608346
94193597608349
94193597608351
94193597608354
94193597608357
94193597608360
94193597608363
94193597608366
94193597608301
94193597608305
94193597608311
94193597608315
94193597608318
94193597608321
94193597608325
94193597608328
94193597608331
94193597608334
94193597608337
94193597608340
94193597608343
94193597608346
94193597608349
94193597608351
94193597608354
94193597608357
94193597608360
94193597608363
94193597608366
94193597608301
94193597608305
94193597608311
94193597608315
94193597608318
94193597608321
94193597608325
94193597608328
94193597608331
94193597608334
94193597608337
94193597608340
94193597608343
94193597608346
94193597608349
94193597608351
94193597608354
94193597608357
94193597608360
94193597608363
94193597608366
94193597608301
94193597608305
94193597608311
94193597608315
94193597608318
94193597608321
94193597608325
94193597608328
94193597608331
94193597608334
94193597608337
94193597608340
94193597608343
94193597608346
94193597608349
94193597608351
94193597608354
94193597608357
94193597608360
94193597608363
94193597608366
94193597608301
94193597608305
94193597608311
94193597608315
94193597608318
94193597608321
94193597608325
94193597608328
94193597608331
94193597608334
94193597608337
94193597608340
94193597608343
94193597608346
94193597608349
94193597608351
94193597608354
94193597608357
94193597608360
94193597608363
94193597608366
94193597608301
94193597608305
94193597608311
94193597608315
94193597608318
94193597608321
94193597608325
94193597608328
94193597608331
94193597608334
94193597608337
94193597608340
94193597608343
94193597608346
94193597608349
94193597608351
94193597608354
94193597608357
94193597608360
94193597608363
94193597608366
94193597608301
94193597608305
94193597608311
94193597608315
94193597608318
94193597608321
94193597608325
94193597608328
94193597608331
94193597608334
94193597608337
94193597608340
94193597608343
94193597608346
94193597608349
94193597608351
94193597608354
94193597608357
94193597608360
94193597608363
94193597608366
94193597608301
94193597608305
94193597608311
94193597608315
94193597608318
94193597608321
94193597608325
94193597608328
94193597608331
94193597608334
94193597608337
94193597608340
94193597608343
94193597608346
94193597608349
94193597608351
94193597608354
94193597608357
94193597608360
94193597608363
94193597608366
94193597608301
94193597608305
94193597608311
94193597608315
94193597608318
94193597608321
94193597608325
94193597608328
94193597608331
94193597608334
94193597608337
94193597608340
94193597608343
94193597608346
94193597608349
94193597608351
94193597608354
94193597608357
94193597608360
94193597608363
94193597608366
94193597608301
94193597608305
94193597608311
94193597608315
94193597608318
94193597608321
94193597608325
94193597608328
94193597608331
94193597608334
94193597608337
94193597608340
94193597608343
94193597608346
94193597608349
94193597608351
94193597608354
94193597608357
94193597608360
94193597608363
94193597608366
94193597608301
94193597608305
94193597608311
94193597608315
94193597608318
94193597608321
94193597608325
94193597608328
94193597608331
94193597608334
94193597608337
94193597608340
94193597608343
94193597608346
94193597608349
94193597608351
94193597608354
94193597608357
94193597608360
94193597608363
94193597608366
94193597608301
94193597608305
94193597608311
94193597608315
94193597608318
94193597608321
94193597608325
94193597608328
94193597608331
94193597608334
94193597608337
94193597608340
94193597608343
94193597608346
94193597608349
94193597608351
94193597608354
94193597608357
94193597608360
94193597608363
94193597608366
94193597608301
94193597608305
94193597608311
94193597608315
94193597608318
94193597608321
94193597608325
94193597608328
94193597608331
94193597608334
94193597608337
94193597608340
94193597608343
94193597608346
94193597608349
94193597608351
94193597608354
94193597608357
94193597608360
94193597608363
94193597608366
94193597608301
94193597608305
94193597608311
94193597608315
94193597608318
94193597608321
94193597608325
94193597608328
94193597608331
94193597608334
94193597608337
94193597608340
94193597608343
94193597608346
94193597608349
94193597608351
94193597608354
94193597608357
94193597608360
94193597608363
94193597608366
94193597608301
94193597608305
94193597608311
94193597608315
94193597608318
94193597608321
94193597608325
94193597608328
94193597608331
94193597608334
94193597608337
94193597608340
94193597608343
94193597608346
94193597608349
94193597608351
94193597608354
94193597608357
94193597608360
94193597608363
94193597608366
94193597608301
94193597608305
94193597608311
94193597608315
94193597608318
94193597608321
94193597608325
94193597608328
94193597608331
94193597608334
94193597608337
94193597608340
94193597608343
94193597608346
94193597608349
94193597608351
94193597608354
94193597608357
94193597608360
94193597608363
94193597608366
94193597608301
94193597608305
94193597608311
94193597608315
94193597608318
94193597608321
94193597608325
94193597608328
94193597608331
94193597608334
94193597608337
94193597608340
94193597608343
94193597608346
94193597608349
94193597608351
94193597608354
94193597608357
94193597608360
94193597608363
94193597608366
94193597608301
94193597608305
94193597608311
94193597608315
94193597608318
94193597608321
94193597608325
94193597608328
94193597608331
94193597608334
94193597608337
94193597608340
94193597608343
94193597608346
94193597608349
94193597608351
94193597608354
94193597608357
94193597608360
94193597608363
94193597608366
94193597608301
94193597608305
94193597608311
94193597608315
94193597608318
94193597608321
94193597608325
94193597608328
94193597608331
94193597608334
94193597608337
94193597608340
94193597608343
94193597608346
94193597608349
94193597608351
94193597608354
94193597608357
94193597608360
94193597608363
94193597608366
94193597608301
94193597608305
94193597608311
94193597608315
94193597608318
94193597608321
94193597608325
94193597608328
94193597608331
94193597608334
94193597608337
94193597608340
94193597608343
94193597608346
94193597608349
94193597608351
94193597608354
94193597608357
94193597608360
94193597608363
94193597608366
94193597608301
94193597608305
94193597608311
94193597608315
94193597608318
94193597608321
94193597608325
94193597608328
94193597608331
94193597608334
94193597608337
94193597608340
94193597608343
94193597608346
94193597608349
94193597608351
94193597608354
94193597608357
94193597608360
94193597608363
94193597608366
94193597608301
94193597608305
94193597608311
94193597608315
94193597608318
94193597608321
94193597608325
94193597608328
94193597608331
94193597608334
94193597608337
94193597608340
94193597608343
94193597608346
94193597608349
94193597608351
94193597608354
94193597608357
94193597608360
94193597608363
94193597608366
94193597608301
94193597608305
94193597608311
94193597608315
94193597608318
94193597608321
94193597608325
94193597608328
94193597608331
94193597608334
94193597608337
94193597608340
94193597608343
94193597608346
94193597608349
94193597608351
94193597608354
94193597608357
94193597608360
94193597608363
94193597608366
94193597608301
94193597608305
94193597608311
94193597608315
94193597608318
94193597608321
94193597608325
94193597608328
94193597608331
94193597608334
94193597608337
94193597608340
94193597608343
94193597608346
94193597608349
94193597608351
94193597608354
94193597608357
94193597608360
94193597608363
94193597608366
94193597608301
94193597608305
94193597608311
94193597608315
94193597608318
94193597608321
94193597608325
94193597608328
94193597608331
94193597608334
94193597608337
94193597608340
94193597608343
94193597608346
94193597608349
94193597608351
94193597608354
94193597608357
94193597608360
94193597608363
94193597608366
94193597608301
94193597608305
94193597608311
94193597608315
94193597608318
94193597608321
94193597608325
94193597608328
94193597608331
94193597608334
94193597608337
94193597608340
94193597608343
94193597608346
94193597608349
94193597608351
94193597608354
94193597608357
94193597608360
94193597608363
94193597608366
94193597608301
94193597608305
94193597608311
94193597608315
94193597608318
94193597608321
94193597608325
94193597608328
94193597608331
94193597608334
94193597608337
94193597608340
94193597608343
94193597608346
94193597608349
94193597608351
94193597608354
94193597608357
94193597608360
94193597608363
94193597608366
94193597608301
94193597608305
94193597608311
94193597608315
94193597608318
94193597608321
94193597608325
94193597608328
94193597608331
94193597608334
94193597608337
94193597608340
94193597608343
94193597608346
94193597608349
94193597608351
94193597608354
94193597608357
94193597608360
94193597608363
94193597608366
94193597608301
94193597608305
94193597608311
94193597608315
94193597608318
94193597608321
94193597608325
94193597608328
94193597608331
94193597608334
94193597608337
94193597608340
94193597608343
94193597608346
94193597608349
94193597608351
94193597608354
94193597608357
94193597608360
94193597608363
94193597608366
94193597608301
94193597608305
94193597608311
94193597608315
94193597608318
94193597608321
94193597608325
94193597608328
94193597608331
94193597608334
94193597608337
94193597608340
94193597608343
94193597608346
94193597608349
94193597608351
94193597608354
94193597608357
94193597608360
94193597608363
94193597608366
94193597608301
94193597608305
94193597608311
94193597608315
94193597608318
94193597608321
94193597608325
94193597608328
94193597608331
94193597608334
94193597608337
94193597608340
94193597608343
94193597608346
94193597608349
94193597608351
94193597608354
94193597608357
94193597608360
94193597608363
94193597608366
94193597608301
94193597608305
94193597608311
94193597608315
94193597608318
94193597608321
94193597608325
94193597608328
94193597608331
94193597608334
94193597608337
94193597608340
94193597608343
94193597608346
94193597608349
94193597608351
94193597608354
94193597608357
94193597608360
94193597608363
94193597608366
94193597608301
94193597608305
94193597608311
94193597608315
94193597608318
94193597608321
94193597608325
94193597608328
94193597608331
94193597608334
94193597608337
94193597608340
94193597608343
94193597608346
94193597608349
94193597608351
94193597608354
94193597608357
94193597608360
94193597608363
94193597608366
94193597608301
94193597608305
94193597608311
94193597608315
94193597608318
94193597608321
94193597608325
94193597608328
94193597608331
94193597608334
94193597608337
94193597608340
94193597608343
94193597608346
94193597608349
94193597608351
94193597608354
94193597608357
94193597608360
94193597608363
94193597608366
94193597608301
94193597608305
94193597608311
94193597608315
94193597608318
94193597608321
94193597608325
94193597608328
94193597608331
94193597608334
94193597608337
94193597608340
94193597608343
94193597608346
94193597608349
94193597608351
94193597608354
94193597608357
94193597608360
94193597608363
94193597608366
94193597608301
94193597608305
94193597608311
94193597608315
94193597608318
94193597608321
94193597608325
94193597608328
94193597608331
94193597608334
94193597608337
94193597608340
94193597608343
94193597608346
94193597608349
94193597608351
94193597608354
94193597608357
94193597608360
94193597608363
94193597608366
94193597608301
94193597608305
94193597608311
94193597608315
94193597608318
94193597608321
94193597608325
94193597608328
94193597608331
94193597608334
94193597608337
94193597608340
94193597608343
94193597608346
94193597608349
94193597608351
94193597608354
94193597608357
94193597608360
94193597608363
94193597608366
94193597608301
94193597608305
94193597608311
94193597608315
94193597608318
94193597608321
94193597608325
94193597608328
94193597608331
94193597608334
94193597608337
94193597608340
94193597608343
94193597608346
94193597608349
94193597608351
94193597608354
94193597608357
94193597608360
94193597608363
94193597608366
94193597608301
94193597608305
94193597608311
94193597608315
94193597608318
94193597608321
94193597608325
94193597608328
94193597608331
94193597608334
94193597608337
94193597608340
94193597608343
94193597608346
94193597608349
94193597608351
94193597608354
94193597608357
94193597608360
94193597608363
94193597608366
94193597608301
94193597608305
94193597608311
94193597608315
94193597608318
94193597608321
94193597608325
94193597608328
94193597608331
94193597608334
94193597608337
94193597608340
94193597608343
94193597608346
94193597608349
94193597608351
94193597608354
94193597608357
94193597608360
94193597608363
94193597608366
94193597608301
94193597608305
94193597608311
94193597608315
94193597608318
94193597608321
94193597608325
94193597608328
94193597608331
94193597608334
94193597608337
94193597608340
94193597608343
94193597608346
94193597608349
94193597608351
94193597608354
94193597608357
94193597608360
94193597608363
94193597608366
94193597608301
94193597608305
94193597608311
94193597608315
94193597608318
94193597608321
94193597608325
94193597608328
94193597608331
94193597608334
94193597608337
94193597608340
94193597608343
94193597608346
94193597608349
94193597608351
94193597608354
94193597608357
94193597608360
94193597608363
94193597608366
94193597608301
94193597608305
94193597608311
94193597608315
94193597608318
94193597608321
94193597608325
94193597608328
94193597608331
94193597608334
94193597608337
94193597608340
94193597608343
94193597608346
94193597608349
94193597608351
94193597608354
94193597608357
94193597608360
94193597608363
94193597608366
94193597608301
94193597608305
94193597608311
94193597608315
94193597608318
94193597608321
94193597608325
94193597608328
94193597608331
94193597608334
94193597608337
94193597608340
94193597608343
94193597608346
94193597608349
94193597608351
94193597608354
94193597608357
94193597608360
94193597608363
94193597608366
94193597608301
94193597608305
94193597608371 mov eax, dword ptr [rbp-0x18]
94193597608374 pop rbp
94193597608375 ret 
94193597608371
94193597608374
94193597608375
