94792095478096 push rbp
94792095478097 mov rbp, rsp
94792095478100 mov qword ptr [rbp-0x8], rdi
94792095478104 mov dword ptr [rbp-0xc], 0x0
94792095478111 mov qword ptr [rbp-0x18], 0x1
94792095478119 mov rcx, qword ptr [rbp-0x8]
94792095478123 and rcx, qword ptr [rbp-0x18]
94792095478127 xor eax, eax
94792095478129 cmp rcx, 0x0
94792095478133 mov byte ptr [rbp-0x19], al
94792095478136 jnz 0x5636812db188
94792095478142 cmp dword ptr [rbp-0xc], 0x40
94792095478146 setl al
94792095478149 mov byte ptr [rbp-0x19], al
94792095478152 mov al, byte ptr [rbp-0x19]
94792095478155 test al, 0x1
94792095478157 jnz 0x5636812db198
94792095478163 jmp 0x5636812db1b2
94792095478096
94792095478097
94792095478100
94792095478104
94792095478111
94792095478119
94792095478123
94792095478127
94792095478129
94792095478133
94792095478136
94792095478142
94792095478146
94792095478149
94792095478152
94792095478155
94792095478157
94792095478168 mov rax, qword ptr [rbp-0x18]
94792095478172 shl rax, 0x1
94792095478176 mov qword ptr [rbp-0x18], rax
94792095478180 mov eax, dword ptr [rbp-0xc]
94792095478183 add eax, 0x1
94792095478186 mov dword ptr [rbp-0xc], eax
94792095478189 jmp 0x5636812db167
94792095478168
94792095478172
94792095478176
94792095478180
94792095478183
94792095478186
94792095478189
94792095478119 mov rcx, qword ptr [rbp-0x8]
94792095478123 and rcx, qword ptr [rbp-0x18]
94792095478127 xor eax, eax
94792095478129 cmp rcx, 0x0
94792095478133 mov byte ptr [rbp-0x19], al
94792095478136 jnz 0x5636812db188
94792095478142 cmp dword ptr [rbp-0xc], 0x40
94792095478146 setl al
94792095478149 mov byte ptr [rbp-0x19], al
94792095478152 mov al, byte ptr [rbp-0x19]
94792095478155 test al, 0x1
94792095478157 jnz 0x5636812db198
94792095478163 jmp 0x5636812db1b2
94792095478119
94792095478123
94792095478127
94792095478129
94792095478133
94792095478136
94792095478142
94792095478146
94792095478149
94792095478152
94792095478155
94792095478157
94792095478168
94792095478172
94792095478176
94792095478180
94792095478183
94792095478186
94792095478189
94792095478119
94792095478123
94792095478127
94792095478129
94792095478133
94792095478136
94792095478142
94792095478146
94792095478149
94792095478152
94792095478155
94792095478157
94792095478168
94792095478172
94792095478176
94792095478180
94792095478183
94792095478186
94792095478189
94792095478119
94792095478123
94792095478127
94792095478129
94792095478133
94792095478136
94792095478142
94792095478146
94792095478149
94792095478152
94792095478155
94792095478157
94792095478168
94792095478172
94792095478176
94792095478180
94792095478183
94792095478186
94792095478189
94792095478119
94792095478123
94792095478127
94792095478129
94792095478133
94792095478136
94792095478142
94792095478146
94792095478149
94792095478152
94792095478155
94792095478157
94792095478168
94792095478172
94792095478176
94792095478180
94792095478183
94792095478186
94792095478189
94792095478119
94792095478123
94792095478127
94792095478129
94792095478133
94792095478136
94792095478142
94792095478146
94792095478149
94792095478152
94792095478155
94792095478157
94792095478168
94792095478172
94792095478176
94792095478180
94792095478183
94792095478186
94792095478189
94792095478119
94792095478123
94792095478127
94792095478129
94792095478133
94792095478136
94792095478142
94792095478146
94792095478149
94792095478152
94792095478155
94792095478157
94792095478168
94792095478172
94792095478176
94792095478180
94792095478183
94792095478186
94792095478189
94792095478119
94792095478123
94792095478127
94792095478129
94792095478133
94792095478136
94792095478142
94792095478146
94792095478149
94792095478152
94792095478155
94792095478157
94792095478168
94792095478172
94792095478176
94792095478180
94792095478183
94792095478186
94792095478189
94792095478119
94792095478123
94792095478127
94792095478129
94792095478133
94792095478136
94792095478142
94792095478146
94792095478149
94792095478152
94792095478155
94792095478157
94792095478168
94792095478172
94792095478176
94792095478180
94792095478183
94792095478186
94792095478189
94792095478119
94792095478123
94792095478127
94792095478129
94792095478133
94792095478136
94792095478142
94792095478146
94792095478149
94792095478152
94792095478155
94792095478157
94792095478168
94792095478172
94792095478176
94792095478180
94792095478183
94792095478186
94792095478189
94792095478119
94792095478123
94792095478127
94792095478129
94792095478133
94792095478136
94792095478142
94792095478146
94792095478149
94792095478152
94792095478155
94792095478157
94792095478168
94792095478172
94792095478176
94792095478180
94792095478183
94792095478186
94792095478189
94792095478119
94792095478123
94792095478127
94792095478129
94792095478133
94792095478136
94792095478142
94792095478146
94792095478149
94792095478152
94792095478155
94792095478157
94792095478168
94792095478172
94792095478176
94792095478180
94792095478183
94792095478186
94792095478189
94792095478119
94792095478123
94792095478127
94792095478129
94792095478133
94792095478136
94792095478142
94792095478146
94792095478149
94792095478152
94792095478155
94792095478157
94792095478168
94792095478172
94792095478176
94792095478180
94792095478183
94792095478186
94792095478189
94792095478119
94792095478123
94792095478127
94792095478129
94792095478133
94792095478136
94792095478142
94792095478146
94792095478149
94792095478152
94792095478155
94792095478157
94792095478168
94792095478172
94792095478176
94792095478180
94792095478183
94792095478186
94792095478189
94792095478119
94792095478123
94792095478127
94792095478129
94792095478133
94792095478136
94792095478142
94792095478146
94792095478149
94792095478152
94792095478155
94792095478157
94792095478168
94792095478172
94792095478176
94792095478180
94792095478183
94792095478186
94792095478189
94792095478119
94792095478123
94792095478127
94792095478129
94792095478133
94792095478136
94792095478142
94792095478146
94792095478149
94792095478152
94792095478155
94792095478157
94792095478168
94792095478172
94792095478176
94792095478180
94792095478183
94792095478186
94792095478189
94792095478119
94792095478123
94792095478127
94792095478129
94792095478133
94792095478136
94792095478142
94792095478146
94792095478149
94792095478152
94792095478155
94792095478157
94792095478168
94792095478172
94792095478176
94792095478180
94792095478183
94792095478186
94792095478189
94792095478119
94792095478123
94792095478127
94792095478129
94792095478133
94792095478136
94792095478142
94792095478146
94792095478149
94792095478152
94792095478155
94792095478157
94792095478168
94792095478172
94792095478176
94792095478180
94792095478183
94792095478186
94792095478189
94792095478119
94792095478123
94792095478127
94792095478129
94792095478133
94792095478136
94792095478142
94792095478146
94792095478149
94792095478152
94792095478155
94792095478157
94792095478168
94792095478172
94792095478176
94792095478180
94792095478183
94792095478186
94792095478189
94792095478119
94792095478123
94792095478127
94792095478129
94792095478133
94792095478136
94792095478142
94792095478146
94792095478149
94792095478152
94792095478155
94792095478157
94792095478168
94792095478172
94792095478176
94792095478180
94792095478183
94792095478186
94792095478189
94792095478119
94792095478123
94792095478127
94792095478129
94792095478133
94792095478136
94792095478142
94792095478146
94792095478149
94792095478152
94792095478155
94792095478157
94792095478168
94792095478172
94792095478176
94792095478180
94792095478183
94792095478186
94792095478189
94792095478119
94792095478123
94792095478127
94792095478129
94792095478133
94792095478136
94792095478142
94792095478146
94792095478149
94792095478152
94792095478155
94792095478157
94792095478168
94792095478172
94792095478176
94792095478180
94792095478183
94792095478186
94792095478189
94792095478119
94792095478123
94792095478127
94792095478129
94792095478133
94792095478136
94792095478142
94792095478146
94792095478149
94792095478152
94792095478155
94792095478157
94792095478168
94792095478172
94792095478176
94792095478180
94792095478183
94792095478186
94792095478189
94792095478119
94792095478123
94792095478127
94792095478129
94792095478133
94792095478136
94792095478142
94792095478146
94792095478149
94792095478152
94792095478155
94792095478157
94792095478168
94792095478172
94792095478176
94792095478180
94792095478183
94792095478186
94792095478189
94792095478119
94792095478123
94792095478127
94792095478129
94792095478133
94792095478136
94792095478142
94792095478146
94792095478149
94792095478152
94792095478155
94792095478157
94792095478168
94792095478172
94792095478176
94792095478180
94792095478183
94792095478186
94792095478189
94792095478119
94792095478123
94792095478127
94792095478129
94792095478133
94792095478136
94792095478142
94792095478146
94792095478149
94792095478152
94792095478155
94792095478157
94792095478168
94792095478172
94792095478176
94792095478180
94792095478183
94792095478186
94792095478189
94792095478119
94792095478123
94792095478127
94792095478129
94792095478133
94792095478136
94792095478142
94792095478146
94792095478149
94792095478152
94792095478155
94792095478157
94792095478168
94792095478172
94792095478176
94792095478180
94792095478183
94792095478186
94792095478189
94792095478119
94792095478123
94792095478127
94792095478129
94792095478133
94792095478136
94792095478142
94792095478146
94792095478149
94792095478152
94792095478155
94792095478157
94792095478168
94792095478172
94792095478176
94792095478180
94792095478183
94792095478186
94792095478189
94792095478119
94792095478123
94792095478127
94792095478129
94792095478133
94792095478136
94792095478142
94792095478146
94792095478149
94792095478152
94792095478155
94792095478157
94792095478168
94792095478172
94792095478176
94792095478180
94792095478183
94792095478186
94792095478189
94792095478119
94792095478123
94792095478127
94792095478129
94792095478133
94792095478136
94792095478142
94792095478146
94792095478149
94792095478152
94792095478155
94792095478157
94792095478168
94792095478172
94792095478176
94792095478180
94792095478183
94792095478186
94792095478189
94792095478119
94792095478123
94792095478127
94792095478129
94792095478133
94792095478136
94792095478142
94792095478146
94792095478149
94792095478152
94792095478155
94792095478157
94792095478168
94792095478172
94792095478176
94792095478180
94792095478183
94792095478186
94792095478189
94792095478119
94792095478123
94792095478127
94792095478129
94792095478133
94792095478136
94792095478142
94792095478146
94792095478149
94792095478152
94792095478155
94792095478157
94792095478168
94792095478172
94792095478176
94792095478180
94792095478183
94792095478186
94792095478189
94792095478119
94792095478123
94792095478127
94792095478129
94792095478133
94792095478136
94792095478142
94792095478146
94792095478149
94792095478152
94792095478155
94792095478157
94792095478168
94792095478172
94792095478176
94792095478180
94792095478183
94792095478186
94792095478189
94792095478119
94792095478123
94792095478127
94792095478129
94792095478133
94792095478136
94792095478142
94792095478146
94792095478149
94792095478152
94792095478155
94792095478157
94792095478168
94792095478172
94792095478176
94792095478180
94792095478183
94792095478186
94792095478189
94792095478119
94792095478123
94792095478127
94792095478129
94792095478133
94792095478136
94792095478142
94792095478146
94792095478149
94792095478152
94792095478155
94792095478157
94792095478168
94792095478172
94792095478176
94792095478180
94792095478183
94792095478186
94792095478189
94792095478119
94792095478123
94792095478127
94792095478129
94792095478133
94792095478136
94792095478142
94792095478146
94792095478149
94792095478152
94792095478155
94792095478157
94792095478168
94792095478172
94792095478176
94792095478180
94792095478183
94792095478186
94792095478189
94792095478119
94792095478123
94792095478127
94792095478129
94792095478133
94792095478136
94792095478142
94792095478146
94792095478149
94792095478152
94792095478155
94792095478157
94792095478168
94792095478172
94792095478176
94792095478180
94792095478183
94792095478186
94792095478189
94792095478119
94792095478123
94792095478127
94792095478129
94792095478133
94792095478136
94792095478142
94792095478146
94792095478149
94792095478152
94792095478155
94792095478157
94792095478168
94792095478172
94792095478176
94792095478180
94792095478183
94792095478186
94792095478189
94792095478119
94792095478123
94792095478127
94792095478129
94792095478133
94792095478136
94792095478142
94792095478146
94792095478149
94792095478152
94792095478155
94792095478157
94792095478168
94792095478172
94792095478176
94792095478180
94792095478183
94792095478186
94792095478189
94792095478119
94792095478123
94792095478127
94792095478129
94792095478133
94792095478136
94792095478142
94792095478146
94792095478149
94792095478152
94792095478155
94792095478157
94792095478168
94792095478172
94792095478176
94792095478180
94792095478183
94792095478186
94792095478189
94792095478119
94792095478123
94792095478127
94792095478129
94792095478133
94792095478136
94792095478142
94792095478146
94792095478149
94792095478152
94792095478155
94792095478157
94792095478168
94792095478172
94792095478176
94792095478180
94792095478183
94792095478186
94792095478189
94792095478119
94792095478123
94792095478127
94792095478129
94792095478133
94792095478136
94792095478142
94792095478146
94792095478149
94792095478152
94792095478155
94792095478157
94792095478168
94792095478172
94792095478176
94792095478180
94792095478183
94792095478186
94792095478189
94792095478119
94792095478123
94792095478127
94792095478129
94792095478133
94792095478136
94792095478142
94792095478146
94792095478149
94792095478152
94792095478155
94792095478157
94792095478168
94792095478172
94792095478176
94792095478180
94792095478183
94792095478186
94792095478189
94792095478119
94792095478123
94792095478127
94792095478129
94792095478133
94792095478136
94792095478142
94792095478146
94792095478149
94792095478152
94792095478155
94792095478157
94792095478168
94792095478172
94792095478176
94792095478180
94792095478183
94792095478186
94792095478189
94792095478119
94792095478123
94792095478127
94792095478129
94792095478133
94792095478136
94792095478142
94792095478146
94792095478149
94792095478152
94792095478155
94792095478157
94792095478168
94792095478172
94792095478176
94792095478180
94792095478183
94792095478186
94792095478189
94792095478119
94792095478123
94792095478127
94792095478129
94792095478133
94792095478136
94792095478142
94792095478146
94792095478149
94792095478152
94792095478155
94792095478157
94792095478168
94792095478172
94792095478176
94792095478180
94792095478183
94792095478186
94792095478189
94792095478119
94792095478123
94792095478127
94792095478129
94792095478133
94792095478136
94792095478142
94792095478146
94792095478149
94792095478152
94792095478155
94792095478157
94792095478168
94792095478172
94792095478176
94792095478180
94792095478183
94792095478186
94792095478189
94792095478119
94792095478123
94792095478127
94792095478129
94792095478133
94792095478136
94792095478142
94792095478146
94792095478149
94792095478152
94792095478155
94792095478157
94792095478168
94792095478172
94792095478176
94792095478180
94792095478183
94792095478186
94792095478189
94792095478119
94792095478123
94792095478127
94792095478129
94792095478133
94792095478136
94792095478142
94792095478146
94792095478149
94792095478152
94792095478155
94792095478157
94792095478168
94792095478172
94792095478176
94792095478180
94792095478183
94792095478186
94792095478189
94792095478119
94792095478123
94792095478127
94792095478129
94792095478133
94792095478136
94792095478142
94792095478146
94792095478149
94792095478152
94792095478155
94792095478157
94792095478168
94792095478172
94792095478176
94792095478180
94792095478183
94792095478186
94792095478189
94792095478119
94792095478123
94792095478127
94792095478129
94792095478133
94792095478136
94792095478142
94792095478146
94792095478149
94792095478152
94792095478155
94792095478157
94792095478168
94792095478172
94792095478176
94792095478180
94792095478183
94792095478186
94792095478189
94792095478119
94792095478123
94792095478127
94792095478129
94792095478133
94792095478136
94792095478142
94792095478146
94792095478149
94792095478152
94792095478155
94792095478157
94792095478168
94792095478172
94792095478176
94792095478180
94792095478183
94792095478186
94792095478189
94792095478119
94792095478123
94792095478127
94792095478129
94792095478133
94792095478136
94792095478142
94792095478146
94792095478149
94792095478152
94792095478155
94792095478157
94792095478168
94792095478172
94792095478176
94792095478180
94792095478183
94792095478186
94792095478189
94792095478119
94792095478123
94792095478127
94792095478129
94792095478133
94792095478136
94792095478142
94792095478146
94792095478149
94792095478152
94792095478155
94792095478157
94792095478168
94792095478172
94792095478176
94792095478180
94792095478183
94792095478186
94792095478189
94792095478119
94792095478123
94792095478127
94792095478129
94792095478133
94792095478136
94792095478142
94792095478146
94792095478149
94792095478152
94792095478155
94792095478157
94792095478168
94792095478172
94792095478176
94792095478180
94792095478183
94792095478186
94792095478189
94792095478119
94792095478123
94792095478127
94792095478129
94792095478133
94792095478136
94792095478142
94792095478146
94792095478149
94792095478152
94792095478155
94792095478157
94792095478168
94792095478172
94792095478176
94792095478180
94792095478183
94792095478186
94792095478189
94792095478119
94792095478123
94792095478127
94792095478129
94792095478133
94792095478136
94792095478142
94792095478146
94792095478149
94792095478152
94792095478155
94792095478157
94792095478168
94792095478172
94792095478176
94792095478180
94792095478183
94792095478186
94792095478189
94792095478119
94792095478123
94792095478127
94792095478129
94792095478133
94792095478136
94792095478142
94792095478146
94792095478149
94792095478152
94792095478155
94792095478157
94792095478168
94792095478172
94792095478176
94792095478180
94792095478183
94792095478186
94792095478189
94792095478119
94792095478123
94792095478127
94792095478129
94792095478133
94792095478136
94792095478142
94792095478146
94792095478149
94792095478152
94792095478155
94792095478157
94792095478168
94792095478172
94792095478176
94792095478180
94792095478183
94792095478186
94792095478189
94792095478119
94792095478123
94792095478127
94792095478129
94792095478133
94792095478136
94792095478142
94792095478146
94792095478149
94792095478152
94792095478155
94792095478157
94792095478168
94792095478172
94792095478176
94792095478180
94792095478183
94792095478186
94792095478189
94792095478119
94792095478123
94792095478127
94792095478129
94792095478133
94792095478136
94792095478142
94792095478146
94792095478149
94792095478152
94792095478155
94792095478157
94792095478168
94792095478172
94792095478176
94792095478180
94792095478183
94792095478186
94792095478189
94792095478119
94792095478123
94792095478127
94792095478129
94792095478133
94792095478136
94792095478142
94792095478146
94792095478149
94792095478152
94792095478155
94792095478157
94792095478168
94792095478172
94792095478176
94792095478180
94792095478183
94792095478186
94792095478189
94792095478119
94792095478123
94792095478127
94792095478129
94792095478133
94792095478136
94792095478142
94792095478146
94792095478149
94792095478152
94792095478155
94792095478157
94792095478168
94792095478172
94792095478176
94792095478180
94792095478183
94792095478186
94792095478189
94792095478119
94792095478123
94792095478127
94792095478129
94792095478133
94792095478136
94792095478142
94792095478146
94792095478149
94792095478152
94792095478155
94792095478157
94792095478168
94792095478172
94792095478176
94792095478180
94792095478183
94792095478186
94792095478189
94792095478119
94792095478123
94792095478127
94792095478129
94792095478133
94792095478136
94792095478142
94792095478146
94792095478149
94792095478152
94792095478155
94792095478157
94792095478163
94792095478194 mov eax, dword ptr [rbp-0xc]
94792095478197 pop rbp
94792095478198 ret 
94792095478194
94792095478197
94792095478198
