94396645323088 push rbp
94396645323089 mov rbp, rsp
94396645323092 mov qword ptr [rbp-0x10], rdi
94396645323096 xor eax, eax
94396645323098 mov qword ptr [rbp-0x8], rax
94396645323102 jmp 0x55da6e83320e
94396645323088
94396645323089
94396645323092
94396645323096
94396645323098
94396645323102
94396645323278 mov rdx, qword ptr [rbp-0x10]
94396645323282 mov rax, qword ptr [rbp-0x8]
94396645323286 mov qword ptr [rbp-0x28], rax
94396645323290 mov esi, 0x1
94396645323295 mov rcx, rax
94396645323298 shl rsi, cl
94396645323301 mov rcx, rsi
94396645323304 and rcx, rdx
94396645323307 cmp rcx, 0x0
94396645323311 mov qword ptr [rbp-0x20], rax
94396645323315 jz 0x55da6e83316f
94396645323321 jmp 0x55da6e833163
94396645323278
94396645323282
94396645323286
94396645323290
94396645323295
94396645323298
94396645323301
94396645323304
94396645323307
94396645323311
94396645323315
94396645323119 mov rdx, qword ptr [rbp-0x10]
94396645323123 mov rax, qword ptr [rbp-0x28]
94396645323127 or rax, 0x1
94396645323131 mov esi, 0x1
94396645323136 mov rcx, rax
94396645323139 shl rsi, cl
94396645323142 mov rcx, rsi
94396645323145 and rcx, rdx
94396645323148 cmp rcx, 0x0
94396645323152 mov qword ptr [rbp-0x20], rax
94396645323156 jnz 0x55da6e833163
94396645323162 mov rdx, qword ptr [rbp-0x10]
94396645323166 mov rax, qword ptr [rbp-0x28]
94396645323170 or rax, 0x2
94396645323174 mov esi, 0x1
94396645323179 mov rcx, rax
94396645323182 shl rsi, cl
94396645323185 mov rcx, rsi
94396645323188 and rcx, rdx
94396645323191 cmp rcx, 0x0
94396645323195 mov qword ptr [rbp-0x20], rax
94396645323199 jnz 0x55da6e833163
94396645323205 mov rdx, qword ptr [rbp-0x10]
94396645323209 mov rax, qword ptr [rbp-0x28]
94396645323213 or rax, 0x3
94396645323217 mov esi, 0x1
94396645323222 mov rcx, rax
94396645323225 shl rsi, cl
94396645323228 mov rcx, rsi
94396645323231 and rcx, rdx
94396645323234 cmp rcx, 0x0
94396645323238 mov qword ptr [rbp-0x20], rax
94396645323242 jnz 0x55da6e833163
94396645323119
94396645323123
94396645323127
94396645323131
94396645323136
94396645323139
94396645323142
94396645323145
94396645323148
94396645323152
94396645323156
94396645323162
94396645323166
94396645323170
94396645323174
94396645323179
94396645323182
94396645323185
94396645323188
94396645323191
94396645323195
94396645323199
94396645323205
94396645323209
94396645323213
94396645323217
94396645323222
94396645323225
94396645323228
94396645323231
94396645323234
94396645323238
94396645323242
94396645323248 mov rax, qword ptr [rbp-0x28]
94396645323252 add rax, 0x4
94396645323256 mov ecx, 0x40
94396645323261 cmp rax, 0x40
94396645323265 mov dword ptr [rbp-0x14], ecx
94396645323268 mov qword ptr [rbp-0x8], rax
94396645323272 jz 0x55da6e83316a
94396645323278 mov rdx, qword ptr [rbp-0x10]
94396645323282 mov rax, qword ptr [rbp-0x8]
94396645323286 mov qword ptr [rbp-0x28], rax
94396645323290 mov esi, 0x1
94396645323295 mov rcx, rax
94396645323298 shl rsi, cl
94396645323301 mov rcx, rsi
94396645323304 and rcx, rdx
94396645323307 cmp rcx, 0x0
94396645323311 mov qword ptr [rbp-0x20], rax
94396645323315 jz 0x55da6e83316f
94396645323321 jmp 0x55da6e833163
94396645323248
94396645323252
94396645323256
94396645323261
94396645323265
94396645323268
94396645323272
94396645323278
94396645323282
94396645323286
94396645323290
94396645323295
94396645323298
94396645323301
94396645323304
94396645323307
94396645323311
94396645323315
94396645323119
94396645323123
94396645323127
94396645323131
94396645323136
94396645323139
94396645323142
94396645323145
94396645323148
94396645323152
94396645323156
94396645323162
94396645323166
94396645323170
94396645323174
94396645323179
94396645323182
94396645323185
94396645323188
94396645323191
94396645323195
94396645323199
94396645323205
94396645323209
94396645323213
94396645323217
94396645323222
94396645323225
94396645323228
94396645323231
94396645323234
94396645323238
94396645323242
94396645323248
94396645323252
94396645323256
94396645323261
94396645323265
94396645323268
94396645323272
94396645323278
94396645323282
94396645323286
94396645323290
94396645323295
94396645323298
94396645323301
94396645323304
94396645323307
94396645323311
94396645323315
94396645323119
94396645323123
94396645323127
94396645323131
94396645323136
94396645323139
94396645323142
94396645323145
94396645323148
94396645323152
94396645323156
94396645323162
94396645323166
94396645323170
94396645323174
94396645323179
94396645323182
94396645323185
94396645323188
94396645323191
94396645323195
94396645323199
94396645323205
94396645323209
94396645323213
94396645323217
94396645323222
94396645323225
94396645323228
94396645323231
94396645323234
94396645323238
94396645323242
94396645323248
94396645323252
94396645323256
94396645323261
94396645323265
94396645323268
94396645323272
94396645323278
94396645323282
94396645323286
94396645323290
94396645323295
94396645323298
94396645323301
94396645323304
94396645323307
94396645323311
94396645323315
94396645323119
94396645323123
94396645323127
94396645323131
94396645323136
94396645323139
94396645323142
94396645323145
94396645323148
94396645323152
94396645323156
94396645323162
94396645323166
94396645323170
94396645323174
94396645323179
94396645323182
94396645323185
94396645323188
94396645323191
94396645323195
94396645323199
94396645323205
94396645323209
94396645323213
94396645323217
94396645323222
94396645323225
94396645323228
94396645323231
94396645323234
94396645323238
94396645323242
94396645323248
94396645323252
94396645323256
94396645323261
94396645323265
94396645323268
94396645323272
94396645323278
94396645323282
94396645323286
94396645323290
94396645323295
94396645323298
94396645323301
94396645323304
94396645323307
94396645323311
94396645323315
94396645323119
94396645323123
94396645323127
94396645323131
94396645323136
94396645323139
94396645323142
94396645323145
94396645323148
94396645323152
94396645323156
94396645323162
94396645323166
94396645323170
94396645323174
94396645323179
94396645323182
94396645323185
94396645323188
94396645323191
94396645323195
94396645323199
94396645323205
94396645323209
94396645323213
94396645323217
94396645323222
94396645323225
94396645323228
94396645323231
94396645323234
94396645323238
94396645323242
94396645323248
94396645323252
94396645323256
94396645323261
94396645323265
94396645323268
94396645323272
94396645323278
94396645323282
94396645323286
94396645323290
94396645323295
94396645323298
94396645323301
94396645323304
94396645323307
94396645323311
94396645323315
94396645323119
94396645323123
94396645323127
94396645323131
94396645323136
94396645323139
94396645323142
94396645323145
94396645323148
94396645323152
94396645323156
94396645323162
94396645323166
94396645323170
94396645323174
94396645323179
94396645323182
94396645323185
94396645323188
94396645323191
94396645323195
94396645323199
94396645323205
94396645323209
94396645323213
94396645323217
94396645323222
94396645323225
94396645323228
94396645323231
94396645323234
94396645323238
94396645323242
94396645323248
94396645323252
94396645323256
94396645323261
94396645323265
94396645323268
94396645323272
94396645323278
94396645323282
94396645323286
94396645323290
94396645323295
94396645323298
94396645323301
94396645323304
94396645323307
94396645323311
94396645323315
94396645323119
94396645323123
94396645323127
94396645323131
94396645323136
94396645323139
94396645323142
94396645323145
94396645323148
94396645323152
94396645323156
94396645323162
94396645323166
94396645323170
94396645323174
94396645323179
94396645323182
94396645323185
94396645323188
94396645323191
94396645323195
94396645323199
94396645323205
94396645323209
94396645323213
94396645323217
94396645323222
94396645323225
94396645323228
94396645323231
94396645323234
94396645323238
94396645323242
94396645323248
94396645323252
94396645323256
94396645323261
94396645323265
94396645323268
94396645323272
94396645323278
94396645323282
94396645323286
94396645323290
94396645323295
94396645323298
94396645323301
94396645323304
94396645323307
94396645323311
94396645323315
94396645323119
94396645323123
94396645323127
94396645323131
94396645323136
94396645323139
94396645323142
94396645323145
94396645323148
94396645323152
94396645323156
94396645323162
94396645323166
94396645323170
94396645323174
94396645323179
94396645323182
94396645323185
94396645323188
94396645323191
94396645323195
94396645323199
94396645323205
94396645323209
94396645323213
94396645323217
94396645323222
94396645323225
94396645323228
94396645323231
94396645323234
94396645323238
94396645323242
94396645323248
94396645323252
94396645323256
94396645323261
94396645323265
94396645323268
94396645323272
94396645323278
94396645323282
94396645323286
94396645323290
94396645323295
94396645323298
94396645323301
94396645323304
94396645323307
94396645323311
94396645323315
94396645323119
94396645323123
94396645323127
94396645323131
94396645323136
94396645323139
94396645323142
94396645323145
94396645323148
94396645323152
94396645323156
94396645323162
94396645323166
94396645323170
94396645323174
94396645323179
94396645323182
94396645323185
94396645323188
94396645323191
94396645323195
94396645323199
94396645323205
94396645323209
94396645323213
94396645323217
94396645323222
94396645323225
94396645323228
94396645323231
94396645323234
94396645323238
94396645323242
94396645323248
94396645323252
94396645323256
94396645323261
94396645323265
94396645323268
94396645323272
94396645323278
94396645323282
94396645323286
94396645323290
94396645323295
94396645323298
94396645323301
94396645323304
94396645323307
94396645323311
94396645323315
94396645323119
94396645323123
94396645323127
94396645323131
94396645323136
94396645323139
94396645323142
94396645323145
94396645323148
94396645323152
94396645323156
94396645323162
94396645323166
94396645323170
94396645323174
94396645323179
94396645323182
94396645323185
94396645323188
94396645323191
94396645323195
94396645323199
94396645323205
94396645323209
94396645323213
94396645323217
94396645323222
94396645323225
94396645323228
94396645323231
94396645323234
94396645323238
94396645323242
94396645323248
94396645323252
94396645323256
94396645323261
94396645323265
94396645323268
94396645323272
94396645323278
94396645323282
94396645323286
94396645323290
94396645323295
94396645323298
94396645323301
94396645323304
94396645323307
94396645323311
94396645323315
94396645323119
94396645323123
94396645323127
94396645323131
94396645323136
94396645323139
94396645323142
94396645323145
94396645323148
94396645323152
94396645323156
94396645323162
94396645323166
94396645323170
94396645323174
94396645323179
94396645323182
94396645323185
94396645323188
94396645323191
94396645323195
94396645323199
94396645323205
94396645323209
94396645323213
94396645323217
94396645323222
94396645323225
94396645323228
94396645323231
94396645323234
94396645323238
94396645323242
94396645323248
94396645323252
94396645323256
94396645323261
94396645323265
94396645323268
94396645323272
94396645323278
94396645323282
94396645323286
94396645323290
94396645323295
94396645323298
94396645323301
94396645323304
94396645323307
94396645323311
94396645323315
94396645323119
94396645323123
94396645323127
94396645323131
94396645323136
94396645323139
94396645323142
94396645323145
94396645323148
94396645323152
94396645323156
94396645323162
94396645323166
94396645323170
94396645323174
94396645323179
94396645323182
94396645323185
94396645323188
94396645323191
94396645323195
94396645323199
94396645323205
94396645323209
94396645323213
94396645323217
94396645323222
94396645323225
94396645323228
94396645323231
94396645323234
94396645323238
94396645323242
94396645323248
94396645323252
94396645323256
94396645323261
94396645323265
94396645323268
94396645323272
94396645323278
94396645323282
94396645323286
94396645323290
94396645323295
94396645323298
94396645323301
94396645323304
94396645323307
94396645323311
94396645323315
94396645323119
94396645323123
94396645323127
94396645323131
94396645323136
94396645323139
94396645323142
94396645323145
94396645323148
94396645323152
94396645323156
94396645323162
94396645323166
94396645323170
94396645323174
94396645323179
94396645323182
94396645323185
94396645323188
94396645323191
94396645323195
94396645323199
94396645323205
94396645323209
94396645323213
94396645323217
94396645323222
94396645323225
94396645323228
94396645323231
94396645323234
94396645323238
94396645323242
94396645323248
94396645323252
94396645323256
94396645323261
94396645323265
94396645323268
94396645323272
94396645323278
94396645323282
94396645323286
94396645323290
94396645323295
94396645323298
94396645323301
94396645323304
94396645323307
94396645323311
94396645323315
94396645323119
94396645323123
94396645323127
94396645323131
94396645323136
94396645323139
94396645323142
94396645323145
94396645323148
94396645323152
94396645323156
94396645323162
94396645323166
94396645323170
94396645323174
94396645323179
94396645323182
94396645323185
94396645323188
94396645323191
94396645323195
94396645323199
94396645323205
94396645323209
94396645323213
94396645323217
94396645323222
94396645323225
94396645323228
94396645323231
94396645323234
94396645323238
94396645323242
94396645323248
94396645323252
94396645323256
94396645323261
94396645323265
94396645323268
94396645323272
94396645323278
94396645323282
94396645323286
94396645323290
94396645323295
94396645323298
94396645323301
94396645323304
94396645323307
94396645323311
94396645323315
94396645323119
94396645323123
94396645323127
94396645323131
94396645323136
94396645323139
94396645323142
94396645323145
94396645323148
94396645323152
94396645323156
94396645323162
94396645323166
94396645323170
94396645323174
94396645323179
94396645323182
94396645323185
94396645323188
94396645323191
94396645323195
94396645323199
94396645323205
94396645323209
94396645323213
94396645323217
94396645323222
94396645323225
94396645323228
94396645323231
94396645323234
94396645323238
94396645323242
94396645323248
94396645323252
94396645323256
94396645323261
94396645323265
94396645323268
94396645323272
94396645323278
94396645323282
94396645323286
94396645323290
94396645323295
94396645323298
94396645323301
94396645323304
94396645323307
94396645323311
94396645323315
94396645323119
94396645323123
94396645323127
94396645323131
94396645323136
94396645323139
94396645323142
94396645323145
94396645323148
94396645323152
94396645323156
94396645323162
94396645323166
94396645323170
94396645323174
94396645323179
94396645323182
94396645323185
94396645323188
94396645323191
94396645323195
94396645323199
94396645323205
94396645323209
94396645323213
94396645323217
94396645323222
94396645323225
94396645323228
94396645323231
94396645323234
94396645323238
94396645323242
94396645323248
94396645323252
94396645323256
94396645323261
94396645323265
94396645323268
94396645323272
94396645323114 mov eax, dword ptr [rbp-0x14]
94396645323117 pop rbp
94396645323118 ret 
94396645323114
94396645323117
94396645323118
