94528590504272 push rbp
94528590504273 mov rbp, rsp
94528590504276 mov qword ptr [rbp-0x10], rdi
94528590504280 xor eax, eax
94528590504282 mov qword ptr [rbp-0x8], rax
94528590504286 jmp 0x55f9270ee213
94528590504272
94528590504273
94528590504276
94528590504280
94528590504282
94528590504286
94528590504467 mov rdx, qword ptr [rbp-0x10]
94528590504471 mov rax, qword ptr [rbp-0x8]
94528590504475 mov qword ptr [rbp-0x20], rax
94528590504479 mov esi, 0x1
94528590504484 mov rcx, rax
94528590504487 shl rsi, cl
94528590504490 mov rcx, rsi
94528590504493 and rcx, rdx
94528590504496 cmp rcx, 0x0
94528590504500 mov qword ptr [rbp-0x18], rax
94528590504504 jz 0x55f9270ee163
94528590504510 jmp 0x55f9270ee207
94528590504467
94528590504471
94528590504475
94528590504479
94528590504484
94528590504487
94528590504490
94528590504493
94528590504496
94528590504500
94528590504504
94528590504291 mov rdx, qword ptr [rbp-0x10]
94528590504295 mov rax, qword ptr [rbp-0x20]
94528590504299 or rax, 0x1
94528590504303 mov esi, 0x1
94528590504308 mov rcx, rax
94528590504311 shl rsi, cl
94528590504314 mov rcx, rsi
94528590504317 and rcx, rdx
94528590504320 cmp rcx, 0x0
94528590504324 mov qword ptr [rbp-0x18], rax
94528590504328 jnz 0x55f9270ee207
94528590504334 mov rdx, qword ptr [rbp-0x10]
94528590504338 mov rax, qword ptr [rbp-0x20]
94528590504342 or rax, 0x2
94528590504346 mov esi, 0x1
94528590504351 mov rcx, rax
94528590504354 shl rsi, cl
94528590504357 mov rcx, rsi
94528590504360 and rcx, rdx
94528590504363 cmp rcx, 0x0
94528590504367 mov qword ptr [rbp-0x18], rax
94528590504371 jnz 0x55f9270ee207
94528590504377 mov rdx, qword ptr [rbp-0x10]
94528590504381 mov rax, qword ptr [rbp-0x20]
94528590504385 or rax, 0x3
94528590504389 mov esi, 0x1
94528590504394 mov rcx, rax
94528590504397 shl rsi, cl
94528590504400 mov rcx, rsi
94528590504403 and rcx, rdx
94528590504406 cmp rcx, 0x0
94528590504410 mov qword ptr [rbp-0x18], rax
94528590504414 jnz 0x55f9270ee207
94528590504291
94528590504295
94528590504299
94528590504303
94528590504308
94528590504311
94528590504314
94528590504317
94528590504320
94528590504324
94528590504328
94528590504334
94528590504338
94528590504342
94528590504346
94528590504351
94528590504354
94528590504357
94528590504360
94528590504363
94528590504367
94528590504371
94528590504377
94528590504381
94528590504385
94528590504389
94528590504394
94528590504397
94528590504400
94528590504403
94528590504406
94528590504410
94528590504414
94528590504420 mov rax, qword ptr [rbp-0x20]
94528590504424 add rax, 0x4
94528590504428 mov ecx, 0x40
94528590504433 cmp rax, 0x40
94528590504437 mov dword ptr [rbp-0x24], ecx
94528590504440 mov qword ptr [rbp-0x8], rax
94528590504444 jz 0x55f9270ee20e
94528590504450 jmp 0x55f9270ee213
94528590504420
94528590504424
94528590504428
94528590504433
94528590504437
94528590504440
94528590504444
94528590504450
94528590504467
94528590504471
94528590504475
94528590504479
94528590504484
94528590504487
94528590504490
94528590504493
94528590504496
94528590504500
94528590504504
94528590504291
94528590504295
94528590504299
94528590504303
94528590504308
94528590504311
94528590504314
94528590504317
94528590504320
94528590504324
94528590504328
94528590504334
94528590504338
94528590504342
94528590504346
94528590504351
94528590504354
94528590504357
94528590504360
94528590504363
94528590504367
94528590504371
94528590504377
94528590504381
94528590504385
94528590504389
94528590504394
94528590504397
94528590504400
94528590504403
94528590504406
94528590504410
94528590504414
94528590504420
94528590504424
94528590504428
94528590504433
94528590504437
94528590504440
94528590504444
94528590504450
94528590504467
94528590504471
94528590504475
94528590504479
94528590504484
94528590504487
94528590504490
94528590504493
94528590504496
94528590504500
94528590504504
94528590504291
94528590504295
94528590504299
94528590504303
94528590504308
94528590504311
94528590504314
94528590504317
94528590504320
94528590504324
94528590504328
94528590504334
94528590504338
94528590504342
94528590504346
94528590504351
94528590504354
94528590504357
94528590504360
94528590504363
94528590504367
94528590504371
94528590504377
94528590504381
94528590504385
94528590504389
94528590504394
94528590504397
94528590504400
94528590504403
94528590504406
94528590504410
94528590504414
94528590504420
94528590504424
94528590504428
94528590504433
94528590504437
94528590504440
94528590504444
94528590504450
94528590504467
94528590504471
94528590504475
94528590504479
94528590504484
94528590504487
94528590504490
94528590504493
94528590504496
94528590504500
94528590504504
94528590504291
94528590504295
94528590504299
94528590504303
94528590504308
94528590504311
94528590504314
94528590504317
94528590504320
94528590504324
94528590504328
94528590504334
94528590504338
94528590504342
94528590504346
94528590504351
94528590504354
94528590504357
94528590504360
94528590504363
94528590504367
94528590504371
94528590504377
94528590504381
94528590504385
94528590504389
94528590504394
94528590504397
94528590504400
94528590504403
94528590504406
94528590504410
94528590504414
94528590504420
94528590504424
94528590504428
94528590504433
94528590504437
94528590504440
94528590504444
94528590504450
94528590504467
94528590504471
94528590504475
94528590504479
94528590504484
94528590504487
94528590504490
94528590504493
94528590504496
94528590504500
94528590504504
94528590504291
94528590504295
94528590504299
94528590504303
94528590504308
94528590504311
94528590504314
94528590504317
94528590504320
94528590504324
94528590504328
94528590504334
94528590504338
94528590504342
94528590504346
94528590504351
94528590504354
94528590504357
94528590504360
94528590504363
94528590504367
94528590504371
94528590504377
94528590504381
94528590504385
94528590504389
94528590504394
94528590504397
94528590504400
94528590504403
94528590504406
94528590504410
94528590504414
94528590504420
94528590504424
94528590504428
94528590504433
94528590504437
94528590504440
94528590504444
94528590504450
94528590504467
94528590504471
94528590504475
94528590504479
94528590504484
94528590504487
94528590504490
94528590504493
94528590504496
94528590504500
94528590504504
94528590504291
94528590504295
94528590504299
94528590504303
94528590504308
94528590504311
94528590504314
94528590504317
94528590504320
94528590504324
94528590504328
94528590504334
94528590504338
94528590504342
94528590504346
94528590504351
94528590504354
94528590504357
94528590504360
94528590504363
94528590504367
94528590504371
94528590504377
94528590504381
94528590504385
94528590504389
94528590504394
94528590504397
94528590504400
94528590504403
94528590504406
94528590504410
94528590504414
94528590504420
94528590504424
94528590504428
94528590504433
94528590504437
94528590504440
94528590504444
94528590504450
94528590504467
94528590504471
94528590504475
94528590504479
94528590504484
94528590504487
94528590504490
94528590504493
94528590504496
94528590504500
94528590504504
94528590504291
94528590504295
94528590504299
94528590504303
94528590504308
94528590504311
94528590504314
94528590504317
94528590504320
94528590504324
94528590504328
94528590504334
94528590504338
94528590504342
94528590504346
94528590504351
94528590504354
94528590504357
94528590504360
94528590504363
94528590504367
94528590504371
94528590504377
94528590504381
94528590504385
94528590504389
94528590504394
94528590504397
94528590504400
94528590504403
94528590504406
94528590504410
94528590504414
94528590504420
94528590504424
94528590504428
94528590504433
94528590504437
94528590504440
94528590504444
94528590504450
94528590504467
94528590504471
94528590504475
94528590504479
94528590504484
94528590504487
94528590504490
94528590504493
94528590504496
94528590504500
94528590504504
94528590504291
94528590504295
94528590504299
94528590504303
94528590504308
94528590504311
94528590504314
94528590504317
94528590504320
94528590504324
94528590504328
94528590504334
94528590504338
94528590504342
94528590504346
94528590504351
94528590504354
94528590504357
94528590504360
94528590504363
94528590504367
94528590504371
94528590504377
94528590504381
94528590504385
94528590504389
94528590504394
94528590504397
94528590504400
94528590504403
94528590504406
94528590504410
94528590504414
94528590504420
94528590504424
94528590504428
94528590504433
94528590504437
94528590504440
94528590504444
94528590504450
94528590504467
94528590504471
94528590504475
94528590504479
94528590504484
94528590504487
94528590504490
94528590504493
94528590504496
94528590504500
94528590504504
94528590504291
94528590504295
94528590504299
94528590504303
94528590504308
94528590504311
94528590504314
94528590504317
94528590504320
94528590504324
94528590504328
94528590504334
94528590504338
94528590504342
94528590504346
94528590504351
94528590504354
94528590504357
94528590504360
94528590504363
94528590504367
94528590504371
94528590504377
94528590504381
94528590504385
94528590504389
94528590504394
94528590504397
94528590504400
94528590504403
94528590504406
94528590504410
94528590504414
94528590504420
94528590504424
94528590504428
94528590504433
94528590504437
94528590504440
94528590504444
94528590504450
94528590504467
94528590504471
94528590504475
94528590504479
94528590504484
94528590504487
94528590504490
94528590504493
94528590504496
94528590504500
94528590504504
94528590504291
94528590504295
94528590504299
94528590504303
94528590504308
94528590504311
94528590504314
94528590504317
94528590504320
94528590504324
94528590504328
94528590504334
94528590504338
94528590504342
94528590504346
94528590504351
94528590504354
94528590504357
94528590504360
94528590504363
94528590504367
94528590504371
94528590504377
94528590504381
94528590504385
94528590504389
94528590504394
94528590504397
94528590504400
94528590504403
94528590504406
94528590504410
94528590504414
94528590504420
94528590504424
94528590504428
94528590504433
94528590504437
94528590504440
94528590504444
94528590504450
94528590504467
94528590504471
94528590504475
94528590504479
94528590504484
94528590504487
94528590504490
94528590504493
94528590504496
94528590504500
94528590504504
94528590504291
94528590504295
94528590504299
94528590504303
94528590504308
94528590504311
94528590504314
94528590504317
94528590504320
94528590504324
94528590504328
94528590504334
94528590504338
94528590504342
94528590504346
94528590504351
94528590504354
94528590504357
94528590504360
94528590504363
94528590504367
94528590504371
94528590504377
94528590504381
94528590504385
94528590504389
94528590504394
94528590504397
94528590504400
94528590504403
94528590504406
94528590504410
94528590504414
94528590504420
94528590504424
94528590504428
94528590504433
94528590504437
94528590504440
94528590504444
94528590504450
94528590504467
94528590504471
94528590504475
94528590504479
94528590504484
94528590504487
94528590504490
94528590504493
94528590504496
94528590504500
94528590504504
94528590504291
94528590504295
94528590504299
94528590504303
94528590504308
94528590504311
94528590504314
94528590504317
94528590504320
94528590504324
94528590504328
94528590504334
94528590504338
94528590504342
94528590504346
94528590504351
94528590504354
94528590504357
94528590504360
94528590504363
94528590504367
94528590504371
94528590504377
94528590504381
94528590504385
94528590504389
94528590504394
94528590504397
94528590504400
94528590504403
94528590504406
94528590504410
94528590504414
94528590504420
94528590504424
94528590504428
94528590504433
94528590504437
94528590504440
94528590504444
94528590504450
94528590504467
94528590504471
94528590504475
94528590504479
94528590504484
94528590504487
94528590504490
94528590504493
94528590504496
94528590504500
94528590504504
94528590504291
94528590504295
94528590504299
94528590504303
94528590504308
94528590504311
94528590504314
94528590504317
94528590504320
94528590504324
94528590504328
94528590504334
94528590504338
94528590504342
94528590504346
94528590504351
94528590504354
94528590504357
94528590504360
94528590504363
94528590504367
94528590504371
94528590504377
94528590504381
94528590504385
94528590504389
94528590504394
94528590504397
94528590504400
94528590504403
94528590504406
94528590504410
94528590504414
94528590504420
94528590504424
94528590504428
94528590504433
94528590504437
94528590504440
94528590504444
94528590504450
94528590504467
94528590504471
94528590504475
94528590504479
94528590504484
94528590504487
94528590504490
94528590504493
94528590504496
94528590504500
94528590504504
94528590504291
94528590504295
94528590504299
94528590504303
94528590504308
94528590504311
94528590504314
94528590504317
94528590504320
94528590504324
94528590504328
94528590504334
94528590504338
94528590504342
94528590504346
94528590504351
94528590504354
94528590504357
94528590504360
94528590504363
94528590504367
94528590504371
94528590504377
94528590504381
94528590504385
94528590504389
94528590504394
94528590504397
94528590504400
94528590504403
94528590504406
94528590504410
94528590504414
94528590504420
94528590504424
94528590504428
94528590504433
94528590504437
94528590504440
94528590504444
94528590504450
94528590504467
94528590504471
94528590504475
94528590504479
94528590504484
94528590504487
94528590504490
94528590504493
94528590504496
94528590504500
94528590504504
94528590504291
94528590504295
94528590504299
94528590504303
94528590504308
94528590504311
94528590504314
94528590504317
94528590504320
94528590504324
94528590504328
94528590504334
94528590504338
94528590504342
94528590504346
94528590504351
94528590504354
94528590504357
94528590504360
94528590504363
94528590504367
94528590504371
94528590504377
94528590504381
94528590504385
94528590504389
94528590504394
94528590504397
94528590504400
94528590504403
94528590504406
94528590504410
94528590504414
94528590504420
94528590504424
94528590504428
94528590504433
94528590504437
94528590504440
94528590504444
94528590504450
94528590504467
94528590504471
94528590504475
94528590504479
94528590504484
94528590504487
94528590504490
94528590504493
94528590504496
94528590504500
94528590504504
94528590504291
94528590504295
94528590504299
94528590504303
94528590504308
94528590504311
94528590504314
94528590504317
94528590504320
94528590504324
94528590504328
94528590504334
94528590504338
94528590504342
94528590504346
94528590504351
94528590504354
94528590504357
94528590504360
94528590504363
94528590504367
94528590504371
94528590504377
94528590504381
94528590504385
94528590504389
94528590504394
94528590504397
94528590504400
94528590504403
94528590504406
94528590504410
94528590504414
94528590504420
94528590504424
94528590504428
94528590504433
94528590504437
94528590504440
94528590504444
94528590504462 mov eax, dword ptr [rbp-0x24]
94528590504465 pop rbp
94528590504466 ret 
94528590504462
94528590504465
94528590504466
