94123993907536 push rbp
94123993907537 mov rbp, rsp
94123993907540 mov qword ptr [rbp-0x10], rdi
94123993907544 xor eax, eax
94123993907546 mov qword ptr [rbp-0x8], rax
94123993907550 jmp 0x559af338c213
94123993907536
94123993907537
94123993907540
94123993907544
94123993907546
94123993907550
94123993907731 mov rdx, qword ptr [rbp-0x10]
94123993907735 mov rax, qword ptr [rbp-0x8]
94123993907739 mov qword ptr [rbp-0x20], rax
94123993907743 mov esi, 0x1
94123993907748 mov rcx, rax
94123993907751 shl rsi, cl
94123993907754 mov rcx, rsi
94123993907757 and rcx, rdx
94123993907760 cmp rcx, 0x0
94123993907764 mov qword ptr [rbp-0x18], rax
94123993907768 jz 0x559af338c163
94123993907774 jmp 0x559af338c207
94123993907731
94123993907735
94123993907739
94123993907743
94123993907748
94123993907751
94123993907754
94123993907757
94123993907760
94123993907764
94123993907768
94123993907555 mov rdx, qword ptr [rbp-0x10]
94123993907559 mov rax, qword ptr [rbp-0x20]
94123993907563 or rax, 0x1
94123993907567 mov esi, 0x1
94123993907572 mov rcx, rax
94123993907575 shl rsi, cl
94123993907578 mov rcx, rsi
94123993907581 and rcx, rdx
94123993907584 cmp rcx, 0x0
94123993907588 mov qword ptr [rbp-0x18], rax
94123993907592 jnz 0x559af338c207
94123993907598 mov rdx, qword ptr [rbp-0x10]
94123993907602 mov rax, qword ptr [rbp-0x20]
94123993907606 or rax, 0x2
94123993907610 mov esi, 0x1
94123993907615 mov rcx, rax
94123993907618 shl rsi, cl
94123993907621 mov rcx, rsi
94123993907624 and rcx, rdx
94123993907627 cmp rcx, 0x0
94123993907631 mov qword ptr [rbp-0x18], rax
94123993907635 jnz 0x559af338c207
94123993907641 mov rdx, qword ptr [rbp-0x10]
94123993907645 mov rax, qword ptr [rbp-0x20]
94123993907649 or rax, 0x3
94123993907653 mov esi, 0x1
94123993907658 mov rcx, rax
94123993907661 shl rsi, cl
94123993907664 mov rcx, rsi
94123993907667 and rcx, rdx
94123993907670 cmp rcx, 0x0
94123993907674 mov qword ptr [rbp-0x18], rax
94123993907678 jnz 0x559af338c207
94123993907555
94123993907559
94123993907563
94123993907567
94123993907572
94123993907575
94123993907578
94123993907581
94123993907584
94123993907588
94123993907592
94123993907598
94123993907602
94123993907606
94123993907610
94123993907615
94123993907618
94123993907621
94123993907624
94123993907627
94123993907631
94123993907635
94123993907641
94123993907645
94123993907649
94123993907653
94123993907658
94123993907661
94123993907664
94123993907667
94123993907670
94123993907674
94123993907678
94123993907684 mov rax, qword ptr [rbp-0x20]
94123993907688 add rax, 0x4
94123993907692 mov ecx, 0x40
94123993907697 cmp rax, 0x40
94123993907701 mov dword ptr [rbp-0x24], ecx
94123993907704 mov qword ptr [rbp-0x8], rax
94123993907708 jz 0x559af338c20e
94123993907714 jmp 0x559af338c213
94123993907684
94123993907688
94123993907692
94123993907697
94123993907701
94123993907704
94123993907708
94123993907714
94123993907731
94123993907735
94123993907739
94123993907743
94123993907748
94123993907751
94123993907754
94123993907757
94123993907760
94123993907764
94123993907768
94123993907555
94123993907559
94123993907563
94123993907567
94123993907572
94123993907575
94123993907578
94123993907581
94123993907584
94123993907588
94123993907592
94123993907598
94123993907602
94123993907606
94123993907610
94123993907615
94123993907618
94123993907621
94123993907624
94123993907627
94123993907631
94123993907635
94123993907641
94123993907645
94123993907649
94123993907653
94123993907658
94123993907661
94123993907664
94123993907667
94123993907670
94123993907674
94123993907678
94123993907684
94123993907688
94123993907692
94123993907697
94123993907701
94123993907704
94123993907708
94123993907714
94123993907731
94123993907735
94123993907739
94123993907743
94123993907748
94123993907751
94123993907754
94123993907757
94123993907760
94123993907764
94123993907768
94123993907555
94123993907559
94123993907563
94123993907567
94123993907572
94123993907575
94123993907578
94123993907581
94123993907584
94123993907588
94123993907592
94123993907598
94123993907602
94123993907606
94123993907610
94123993907615
94123993907618
94123993907621
94123993907624
94123993907627
94123993907631
94123993907635
94123993907641
94123993907645
94123993907649
94123993907653
94123993907658
94123993907661
94123993907664
94123993907667
94123993907670
94123993907674
94123993907678
94123993907684
94123993907688
94123993907692
94123993907697
94123993907701
94123993907704
94123993907708
94123993907714
94123993907731
94123993907735
94123993907739
94123993907743
94123993907748
94123993907751
94123993907754
94123993907757
94123993907760
94123993907764
94123993907768
94123993907555
94123993907559
94123993907563
94123993907567
94123993907572
94123993907575
94123993907578
94123993907581
94123993907584
94123993907588
94123993907592
94123993907598
94123993907602
94123993907606
94123993907610
94123993907615
94123993907618
94123993907621
94123993907624
94123993907627
94123993907631
94123993907635
94123993907641
94123993907645
94123993907649
94123993907653
94123993907658
94123993907661
94123993907664
94123993907667
94123993907670
94123993907674
94123993907678
94123993907684
94123993907688
94123993907692
94123993907697
94123993907701
94123993907704
94123993907708
94123993907714
94123993907731
94123993907735
94123993907739
94123993907743
94123993907748
94123993907751
94123993907754
94123993907757
94123993907760
94123993907764
94123993907768
94123993907555
94123993907559
94123993907563
94123993907567
94123993907572
94123993907575
94123993907578
94123993907581
94123993907584
94123993907588
94123993907592
94123993907598
94123993907602
94123993907606
94123993907610
94123993907615
94123993907618
94123993907621
94123993907624
94123993907627
94123993907631
94123993907635
94123993907641
94123993907645
94123993907649
94123993907653
94123993907658
94123993907661
94123993907664
94123993907667
94123993907670
94123993907674
94123993907678
94123993907684
94123993907688
94123993907692
94123993907697
94123993907701
94123993907704
94123993907708
94123993907714
94123993907731
94123993907735
94123993907739
94123993907743
94123993907748
94123993907751
94123993907754
94123993907757
94123993907760
94123993907764
94123993907768
94123993907555
94123993907559
94123993907563
94123993907567
94123993907572
94123993907575
94123993907578
94123993907581
94123993907584
94123993907588
94123993907592
94123993907598
94123993907602
94123993907606
94123993907610
94123993907615
94123993907618
94123993907621
94123993907624
94123993907627
94123993907631
94123993907635
94123993907641
94123993907645
94123993907649
94123993907653
94123993907658
94123993907661
94123993907664
94123993907667
94123993907670
94123993907674
94123993907678
94123993907684
94123993907688
94123993907692
94123993907697
94123993907701
94123993907704
94123993907708
94123993907714
94123993907731
94123993907735
94123993907739
94123993907743
94123993907748
94123993907751
94123993907754
94123993907757
94123993907760
94123993907764
94123993907768
94123993907555
94123993907559
94123993907563
94123993907567
94123993907572
94123993907575
94123993907578
94123993907581
94123993907584
94123993907588
94123993907592
94123993907598
94123993907602
94123993907606
94123993907610
94123993907615
94123993907618
94123993907621
94123993907624
94123993907627
94123993907631
94123993907635
94123993907641
94123993907645
94123993907649
94123993907653
94123993907658
94123993907661
94123993907664
94123993907667
94123993907670
94123993907674
94123993907678
94123993907684
94123993907688
94123993907692
94123993907697
94123993907701
94123993907704
94123993907708
94123993907714
94123993907731
94123993907735
94123993907739
94123993907743
94123993907748
94123993907751
94123993907754
94123993907757
94123993907760
94123993907764
94123993907768
94123993907555
94123993907559
94123993907563
94123993907567
94123993907572
94123993907575
94123993907578
94123993907581
94123993907584
94123993907588
94123993907592
94123993907598
94123993907602
94123993907606
94123993907610
94123993907615
94123993907618
94123993907621
94123993907624
94123993907627
94123993907631
94123993907635
94123993907641
94123993907645
94123993907649
94123993907653
94123993907658
94123993907661
94123993907664
94123993907667
94123993907670
94123993907674
94123993907678
94123993907684
94123993907688
94123993907692
94123993907697
94123993907701
94123993907704
94123993907708
94123993907714
94123993907731
94123993907735
94123993907739
94123993907743
94123993907748
94123993907751
94123993907754
94123993907757
94123993907760
94123993907764
94123993907768
94123993907555
94123993907559
94123993907563
94123993907567
94123993907572
94123993907575
94123993907578
94123993907581
94123993907584
94123993907588
94123993907592
94123993907598
94123993907602
94123993907606
94123993907610
94123993907615
94123993907618
94123993907621
94123993907624
94123993907627
94123993907631
94123993907635
94123993907641
94123993907645
94123993907649
94123993907653
94123993907658
94123993907661
94123993907664
94123993907667
94123993907670
94123993907674
94123993907678
94123993907684
94123993907688
94123993907692
94123993907697
94123993907701
94123993907704
94123993907708
94123993907714
94123993907731
94123993907735
94123993907739
94123993907743
94123993907748
94123993907751
94123993907754
94123993907757
94123993907760
94123993907764
94123993907768
94123993907555
94123993907559
94123993907563
94123993907567
94123993907572
94123993907575
94123993907578
94123993907581
94123993907584
94123993907588
94123993907592
94123993907598
94123993907602
94123993907606
94123993907610
94123993907615
94123993907618
94123993907621
94123993907624
94123993907627
94123993907631
94123993907635
94123993907641
94123993907645
94123993907649
94123993907653
94123993907658
94123993907661
94123993907664
94123993907667
94123993907670
94123993907674
94123993907678
94123993907684
94123993907688
94123993907692
94123993907697
94123993907701
94123993907704
94123993907708
94123993907714
94123993907731
94123993907735
94123993907739
94123993907743
94123993907748
94123993907751
94123993907754
94123993907757
94123993907760
94123993907764
94123993907768
94123993907555
94123993907559
94123993907563
94123993907567
94123993907572
94123993907575
94123993907578
94123993907581
94123993907584
94123993907588
94123993907592
94123993907598
94123993907602
94123993907606
94123993907610
94123993907615
94123993907618
94123993907621
94123993907624
94123993907627
94123993907631
94123993907635
94123993907641
94123993907645
94123993907649
94123993907653
94123993907658
94123993907661
94123993907664
94123993907667
94123993907670
94123993907674
94123993907678
94123993907684
94123993907688
94123993907692
94123993907697
94123993907701
94123993907704
94123993907708
94123993907714
94123993907731
94123993907735
94123993907739
94123993907743
94123993907748
94123993907751
94123993907754
94123993907757
94123993907760
94123993907764
94123993907768
94123993907555
94123993907559
94123993907563
94123993907567
94123993907572
94123993907575
94123993907578
94123993907581
94123993907584
94123993907588
94123993907592
94123993907598
94123993907602
94123993907606
94123993907610
94123993907615
94123993907618
94123993907621
94123993907624
94123993907627
94123993907631
94123993907635
94123993907641
94123993907645
94123993907649
94123993907653
94123993907658
94123993907661
94123993907664
94123993907667
94123993907670
94123993907674
94123993907678
94123993907684
94123993907688
94123993907692
94123993907697
94123993907701
94123993907704
94123993907708
94123993907714
94123993907731
94123993907735
94123993907739
94123993907743
94123993907748
94123993907751
94123993907754
94123993907757
94123993907760
94123993907764
94123993907768
94123993907555
94123993907559
94123993907563
94123993907567
94123993907572
94123993907575
94123993907578
94123993907581
94123993907584
94123993907588
94123993907592
94123993907598
94123993907602
94123993907606
94123993907610
94123993907615
94123993907618
94123993907621
94123993907624
94123993907627
94123993907631
94123993907635
94123993907641
94123993907645
94123993907649
94123993907653
94123993907658
94123993907661
94123993907664
94123993907667
94123993907670
94123993907674
94123993907678
94123993907684
94123993907688
94123993907692
94123993907697
94123993907701
94123993907704
94123993907708
94123993907714
94123993907731
94123993907735
94123993907739
94123993907743
94123993907748
94123993907751
94123993907754
94123993907757
94123993907760
94123993907764
94123993907768
94123993907555
94123993907559
94123993907563
94123993907567
94123993907572
94123993907575
94123993907578
94123993907581
94123993907584
94123993907588
94123993907592
94123993907598
94123993907602
94123993907606
94123993907610
94123993907615
94123993907618
94123993907621
94123993907624
94123993907627
94123993907631
94123993907635
94123993907641
94123993907645
94123993907649
94123993907653
94123993907658
94123993907661
94123993907664
94123993907667
94123993907670
94123993907674
94123993907678
94123993907684
94123993907688
94123993907692
94123993907697
94123993907701
94123993907704
94123993907708
94123993907714
94123993907731
94123993907735
94123993907739
94123993907743
94123993907748
94123993907751
94123993907754
94123993907757
94123993907760
94123993907764
94123993907768
94123993907555
94123993907559
94123993907563
94123993907567
94123993907572
94123993907575
94123993907578
94123993907581
94123993907584
94123993907588
94123993907592
94123993907598
94123993907602
94123993907606
94123993907610
94123993907615
94123993907618
94123993907621
94123993907624
94123993907627
94123993907631
94123993907635
94123993907641
94123993907645
94123993907649
94123993907653
94123993907658
94123993907661
94123993907664
94123993907667
94123993907670
94123993907674
94123993907678
94123993907684
94123993907688
94123993907692
94123993907697
94123993907701
94123993907704
94123993907708
94123993907714
94123993907731
94123993907735
94123993907739
94123993907743
94123993907748
94123993907751
94123993907754
94123993907757
94123993907760
94123993907764
94123993907768
94123993907555
94123993907559
94123993907563
94123993907567
94123993907572
94123993907575
94123993907578
94123993907581
94123993907584
94123993907588
94123993907592
94123993907598
94123993907602
94123993907606
94123993907610
94123993907615
94123993907618
94123993907621
94123993907624
94123993907627
94123993907631
94123993907635
94123993907641
94123993907645
94123993907649
94123993907653
94123993907658
94123993907661
94123993907664
94123993907667
94123993907670
94123993907674
94123993907678
94123993907684
94123993907688
94123993907692
94123993907697
94123993907701
94123993907704
94123993907708
94123993907726 mov eax, dword ptr [rbp-0x24]
94123993907729 pop rbp
94123993907730 ret 
94123993907726
94123993907729
94123993907730
