93957301813584 push rbp
93957301813585 mov rbp, rsp
93957301813588 mov rcx, rdi
93957301813591 and rcx, 0x1
93957301813595 xor eax, eax
93957301813597 cmp rcx, 0x0
93957301813601 mov dword ptr [rbp-0xc], eax
93957301813604 mov qword ptr [rbp-0x8], rdi
93957301813608 jnz 0x55742399419f
93957301813614 mov rdx, qword ptr [rbp-0x8]
93957301813618 mov esi, dword ptr [rbp-0xc]
93957301813621 mov rax, rdx
93957301813624 shr rax, 0x1
93957301813627 mov ecx, esi
93957301813629 inc ecx
93957301813631 test dl, 0x2
93957301813634 setz dl
93957301813637 sub esi, 0x3f
93957301813640 setb sil
93957301813644 and dl, sil
93957301813647 test dl, 0x1
93957301813650 mov dword ptr [rbp-0xc], ecx
93957301813653 mov qword ptr [rbp-0x8], rax
93957301813657 jnz 0x55742399416e
93957301813663 mov eax, dword ptr [rbp-0xc]
93957301813666 pop rbp
93957301813667 ret 
93957301813584
93957301813585
93957301813588
93957301813591
93957301813595
93957301813597
93957301813601
93957301813604
93957301813608
93957301813614
93957301813618
93957301813621
93957301813624
93957301813627
93957301813629
93957301813631
93957301813634
93957301813637
93957301813640
93957301813644
93957301813647
93957301813650
93957301813653
93957301813657
93957301813614 mov rdx, qword ptr [rbp-0x8]
93957301813618 mov esi, dword ptr [rbp-0xc]
93957301813621 mov rax, rdx
93957301813624 shr rax, 0x1
93957301813627 mov ecx, esi
93957301813629 inc ecx
93957301813631 test dl, 0x2
93957301813634 setz dl
93957301813637 sub esi, 0x3f
93957301813640 setb sil
93957301813644 and dl, sil
93957301813647 test dl, 0x1
93957301813650 mov dword ptr [rbp-0xc], ecx
93957301813653 mov qword ptr [rbp-0x8], rax
93957301813657 jnz 0x55742399416e
93957301813663 mov eax, dword ptr [rbp-0xc]
93957301813666 pop rbp
93957301813667 ret 
93957301813614
93957301813618
93957301813621
93957301813624
93957301813627
93957301813629
93957301813631
93957301813634
93957301813637
93957301813640
93957301813644
93957301813647
93957301813650
93957301813653
93957301813657
93957301813614
93957301813618
93957301813621
93957301813624
93957301813627
93957301813629
93957301813631
93957301813634
93957301813637
93957301813640
93957301813644
93957301813647
93957301813650
93957301813653
93957301813657
93957301813614
93957301813618
93957301813621
93957301813624
93957301813627
93957301813629
93957301813631
93957301813634
93957301813637
93957301813640
93957301813644
93957301813647
93957301813650
93957301813653
93957301813657
93957301813614
93957301813618
93957301813621
93957301813624
93957301813627
93957301813629
93957301813631
93957301813634
93957301813637
93957301813640
93957301813644
93957301813647
93957301813650
93957301813653
93957301813657
93957301813614
93957301813618
93957301813621
93957301813624
93957301813627
93957301813629
93957301813631
93957301813634
93957301813637
93957301813640
93957301813644
93957301813647
93957301813650
93957301813653
93957301813657
93957301813614
93957301813618
93957301813621
93957301813624
93957301813627
93957301813629
93957301813631
93957301813634
93957301813637
93957301813640
93957301813644
93957301813647
93957301813650
93957301813653
93957301813657
93957301813614
93957301813618
93957301813621
93957301813624
93957301813627
93957301813629
93957301813631
93957301813634
93957301813637
93957301813640
93957301813644
93957301813647
93957301813650
93957301813653
93957301813657
93957301813614
93957301813618
93957301813621
93957301813624
93957301813627
93957301813629
93957301813631
93957301813634
93957301813637
93957301813640
93957301813644
93957301813647
93957301813650
93957301813653
93957301813657
93957301813614
93957301813618
93957301813621
93957301813624
93957301813627
93957301813629
93957301813631
93957301813634
93957301813637
93957301813640
93957301813644
93957301813647
93957301813650
93957301813653
93957301813657
93957301813614
93957301813618
93957301813621
93957301813624
93957301813627
93957301813629
93957301813631
93957301813634
93957301813637
93957301813640
93957301813644
93957301813647
93957301813650
93957301813653
93957301813657
93957301813614
93957301813618
93957301813621
93957301813624
93957301813627
93957301813629
93957301813631
93957301813634
93957301813637
93957301813640
93957301813644
93957301813647
93957301813650
93957301813653
93957301813657
93957301813614
93957301813618
93957301813621
93957301813624
93957301813627
93957301813629
93957301813631
93957301813634
93957301813637
93957301813640
93957301813644
93957301813647
93957301813650
93957301813653
93957301813657
93957301813614
93957301813618
93957301813621
93957301813624
93957301813627
93957301813629
93957301813631
93957301813634
93957301813637
93957301813640
93957301813644
93957301813647
93957301813650
93957301813653
93957301813657
93957301813614
93957301813618
93957301813621
93957301813624
93957301813627
93957301813629
93957301813631
93957301813634
93957301813637
93957301813640
93957301813644
93957301813647
93957301813650
93957301813653
93957301813657
93957301813614
93957301813618
93957301813621
93957301813624
93957301813627
93957301813629
93957301813631
93957301813634
93957301813637
93957301813640
93957301813644
93957301813647
93957301813650
93957301813653
93957301813657
93957301813614
93957301813618
93957301813621
93957301813624
93957301813627
93957301813629
93957301813631
93957301813634
93957301813637
93957301813640
93957301813644
93957301813647
93957301813650
93957301813653
93957301813657
93957301813614
93957301813618
93957301813621
93957301813624
93957301813627
93957301813629
93957301813631
93957301813634
93957301813637
93957301813640
93957301813644
93957301813647
93957301813650
93957301813653
93957301813657
93957301813614
93957301813618
93957301813621
93957301813624
93957301813627
93957301813629
93957301813631
93957301813634
93957301813637
93957301813640
93957301813644
93957301813647
93957301813650
93957301813653
93957301813657
93957301813614
93957301813618
93957301813621
93957301813624
93957301813627
93957301813629
93957301813631
93957301813634
93957301813637
93957301813640
93957301813644
93957301813647
93957301813650
93957301813653
93957301813657
93957301813614
93957301813618
93957301813621
93957301813624
93957301813627
93957301813629
93957301813631
93957301813634
93957301813637
93957301813640
93957301813644
93957301813647
93957301813650
93957301813653
93957301813657
93957301813614
93957301813618
93957301813621
93957301813624
93957301813627
93957301813629
93957301813631
93957301813634
93957301813637
93957301813640
93957301813644
93957301813647
93957301813650
93957301813653
93957301813657
93957301813614
93957301813618
93957301813621
93957301813624
93957301813627
93957301813629
93957301813631
93957301813634
93957301813637
93957301813640
93957301813644
93957301813647
93957301813650
93957301813653
93957301813657
93957301813614
93957301813618
93957301813621
93957301813624
93957301813627
93957301813629
93957301813631
93957301813634
93957301813637
93957301813640
93957301813644
93957301813647
93957301813650
93957301813653
93957301813657
93957301813614
93957301813618
93957301813621
93957301813624
93957301813627
93957301813629
93957301813631
93957301813634
93957301813637
93957301813640
93957301813644
93957301813647
93957301813650
93957301813653
93957301813657
93957301813614
93957301813618
93957301813621
93957301813624
93957301813627
93957301813629
93957301813631
93957301813634
93957301813637
93957301813640
93957301813644
93957301813647
93957301813650
93957301813653
93957301813657
93957301813614
93957301813618
93957301813621
93957301813624
93957301813627
93957301813629
93957301813631
93957301813634
93957301813637
93957301813640
93957301813644
93957301813647
93957301813650
93957301813653
93957301813657
93957301813614
93957301813618
93957301813621
93957301813624
93957301813627
93957301813629
93957301813631
93957301813634
93957301813637
93957301813640
93957301813644
93957301813647
93957301813650
93957301813653
93957301813657
93957301813614
93957301813618
93957301813621
93957301813624
93957301813627
93957301813629
93957301813631
93957301813634
93957301813637
93957301813640
93957301813644
93957301813647
93957301813650
93957301813653
93957301813657
93957301813614
93957301813618
93957301813621
93957301813624
93957301813627
93957301813629
93957301813631
93957301813634
93957301813637
93957301813640
93957301813644
93957301813647
93957301813650
93957301813653
93957301813657
93957301813614
93957301813618
93957301813621
93957301813624
93957301813627
93957301813629
93957301813631
93957301813634
93957301813637
93957301813640
93957301813644
93957301813647
93957301813650
93957301813653
93957301813657
93957301813614
93957301813618
93957301813621
93957301813624
93957301813627
93957301813629
93957301813631
93957301813634
93957301813637
93957301813640
93957301813644
93957301813647
93957301813650
93957301813653
93957301813657
93957301813614
93957301813618
93957301813621
93957301813624
93957301813627
93957301813629
93957301813631
93957301813634
93957301813637
93957301813640
93957301813644
93957301813647
93957301813650
93957301813653
93957301813657
93957301813614
93957301813618
93957301813621
93957301813624
93957301813627
93957301813629
93957301813631
93957301813634
93957301813637
93957301813640
93957301813644
93957301813647
93957301813650
93957301813653
93957301813657
93957301813614
93957301813618
93957301813621
93957301813624
93957301813627
93957301813629
93957301813631
93957301813634
93957301813637
93957301813640
93957301813644
93957301813647
93957301813650
93957301813653
93957301813657
93957301813614
93957301813618
93957301813621
93957301813624
93957301813627
93957301813629
93957301813631
93957301813634
93957301813637
93957301813640
93957301813644
93957301813647
93957301813650
93957301813653
93957301813657
93957301813614
93957301813618
93957301813621
93957301813624
93957301813627
93957301813629
93957301813631
93957301813634
93957301813637
93957301813640
93957301813644
93957301813647
93957301813650
93957301813653
93957301813657
93957301813614
93957301813618
93957301813621
93957301813624
93957301813627
93957301813629
93957301813631
93957301813634
93957301813637
93957301813640
93957301813644
93957301813647
93957301813650
93957301813653
93957301813657
93957301813614
93957301813618
93957301813621
93957301813624
93957301813627
93957301813629
93957301813631
93957301813634
93957301813637
93957301813640
93957301813644
93957301813647
93957301813650
93957301813653
93957301813657
93957301813614
93957301813618
93957301813621
93957301813624
93957301813627
93957301813629
93957301813631
93957301813634
93957301813637
93957301813640
93957301813644
93957301813647
93957301813650
93957301813653
93957301813657
93957301813614
93957301813618
93957301813621
93957301813624
93957301813627
93957301813629
93957301813631
93957301813634
93957301813637
93957301813640
93957301813644
93957301813647
93957301813650
93957301813653
93957301813657
93957301813614
93957301813618
93957301813621
93957301813624
93957301813627
93957301813629
93957301813631
93957301813634
93957301813637
93957301813640
93957301813644
93957301813647
93957301813650
93957301813653
93957301813657
93957301813614
93957301813618
93957301813621
93957301813624
93957301813627
93957301813629
93957301813631
93957301813634
93957301813637
93957301813640
93957301813644
93957301813647
93957301813650
93957301813653
93957301813657
93957301813614
93957301813618
93957301813621
93957301813624
93957301813627
93957301813629
93957301813631
93957301813634
93957301813637
93957301813640
93957301813644
93957301813647
93957301813650
93957301813653
93957301813657
93957301813614
93957301813618
93957301813621
93957301813624
93957301813627
93957301813629
93957301813631
93957301813634
93957301813637
93957301813640
93957301813644
93957301813647
93957301813650
93957301813653
93957301813657
93957301813614
93957301813618
93957301813621
93957301813624
93957301813627
93957301813629
93957301813631
93957301813634
93957301813637
93957301813640
93957301813644
93957301813647
93957301813650
93957301813653
93957301813657
93957301813614
93957301813618
93957301813621
93957301813624
93957301813627
93957301813629
93957301813631
93957301813634
93957301813637
93957301813640
93957301813644
93957301813647
93957301813650
93957301813653
93957301813657
93957301813614
93957301813618
93957301813621
93957301813624
93957301813627
93957301813629
93957301813631
93957301813634
93957301813637
93957301813640
93957301813644
93957301813647
93957301813650
93957301813653
93957301813657
93957301813614
93957301813618
93957301813621
93957301813624
93957301813627
93957301813629
93957301813631
93957301813634
93957301813637
93957301813640
93957301813644
93957301813647
93957301813650
93957301813653
93957301813657
93957301813614
93957301813618
93957301813621
93957301813624
93957301813627
93957301813629
93957301813631
93957301813634
93957301813637
93957301813640
93957301813644
93957301813647
93957301813650
93957301813653
93957301813657
93957301813614
93957301813618
93957301813621
93957301813624
93957301813627
93957301813629
93957301813631
93957301813634
93957301813637
93957301813640
93957301813644
93957301813647
93957301813650
93957301813653
93957301813657
93957301813614
93957301813618
93957301813621
93957301813624
93957301813627
93957301813629
93957301813631
93957301813634
93957301813637
93957301813640
93957301813644
93957301813647
93957301813650
93957301813653
93957301813657
93957301813614
93957301813618
93957301813621
93957301813624
93957301813627
93957301813629
93957301813631
93957301813634
93957301813637
93957301813640
93957301813644
93957301813647
93957301813650
93957301813653
93957301813657
93957301813614
93957301813618
93957301813621
93957301813624
93957301813627
93957301813629
93957301813631
93957301813634
93957301813637
93957301813640
93957301813644
93957301813647
93957301813650
93957301813653
93957301813657
93957301813614
93957301813618
93957301813621
93957301813624
93957301813627
93957301813629
93957301813631
93957301813634
93957301813637
93957301813640
93957301813644
93957301813647
93957301813650
93957301813653
93957301813657
93957301813614
93957301813618
93957301813621
93957301813624
93957301813627
93957301813629
93957301813631
93957301813634
93957301813637
93957301813640
93957301813644
93957301813647
93957301813650
93957301813653
93957301813657
93957301813614
93957301813618
93957301813621
93957301813624
93957301813627
93957301813629
93957301813631
93957301813634
93957301813637
93957301813640
93957301813644
93957301813647
93957301813650
93957301813653
93957301813657
93957301813614
93957301813618
93957301813621
93957301813624
93957301813627
93957301813629
93957301813631
93957301813634
93957301813637
93957301813640
93957301813644
93957301813647
93957301813650
93957301813653
93957301813657
93957301813614
93957301813618
93957301813621
93957301813624
93957301813627
93957301813629
93957301813631
93957301813634
93957301813637
93957301813640
93957301813644
93957301813647
93957301813650
93957301813653
93957301813657
93957301813614
93957301813618
93957301813621
93957301813624
93957301813627
93957301813629
93957301813631
93957301813634
93957301813637
93957301813640
93957301813644
93957301813647
93957301813650
93957301813653
93957301813657
93957301813614
93957301813618
93957301813621
93957301813624
93957301813627
93957301813629
93957301813631
93957301813634
93957301813637
93957301813640
93957301813644
93957301813647
93957301813650
93957301813653
93957301813657
93957301813614
93957301813618
93957301813621
93957301813624
93957301813627
93957301813629
93957301813631
93957301813634
93957301813637
93957301813640
93957301813644
93957301813647
93957301813650
93957301813653
93957301813657
93957301813614
93957301813618
93957301813621
93957301813624
93957301813627
93957301813629
93957301813631
93957301813634
93957301813637
93957301813640
93957301813644
93957301813647
93957301813650
93957301813653
93957301813657
93957301813614
93957301813618
93957301813621
93957301813624
93957301813627
93957301813629
93957301813631
93957301813634
93957301813637
93957301813640
93957301813644
93957301813647
93957301813650
93957301813653
93957301813657
93957301813663
93957301813666
93957301813667
