94002985558336 push rbp
94002985558337 mov rbp, rsp
94002985558340 mov dword ptr [rbp-0x4], edi
94002985558343 mov dword ptr [rbp-0x8], 0x0
94002985558350 mov eax, dword ptr [rbp-0x4]
94002985558353 shr eax, 0x4
94002985558356 mov dword ptr [rbp-0x4], eax
94002985558359 mov dword ptr [rbp-0xc], 0x4
94002985558366 cmp dword ptr [rbp-0xc], 0x1e
94002985558370 jnle 0x557ec68fe18a
94002985558376 mov eax, dword ptr [rbp-0x4]
94002985558379 mov ecx, dword ptr [rbp-0xc]
94002985558382 sub ecx, 0x4
94002985558385 shr eax, cl
94002985558387 and eax, 0x1
94002985558390 xor eax, dword ptr [rbp-0x8]
94002985558393 mov dword ptr [rbp-0x8], eax
94002985558396 mov eax, dword ptr [rbp-0xc]
94002985558399 add eax, 0x1
94002985558402 mov dword ptr [rbp-0xc], eax
94002985558405 jmp 0x557ec68fe15e
94002985558336
94002985558337
94002985558340
94002985558343
94002985558350
94002985558353
94002985558356
94002985558359
94002985558366
94002985558370
94002985558376
94002985558379
94002985558382
94002985558385
94002985558387
94002985558390
94002985558393
94002985558396
94002985558399
94002985558402
94002985558405
94002985558366 cmp dword ptr [rbp-0xc], 0x1e
94002985558370 jnle 0x557ec68fe18a
94002985558376 mov eax, dword ptr [rbp-0x4]
94002985558379 mov ecx, dword ptr [rbp-0xc]
94002985558382 sub ecx, 0x4
94002985558385 shr eax, cl
94002985558387 and eax, 0x1
94002985558390 xor eax, dword ptr [rbp-0x8]
94002985558393 mov dword ptr [rbp-0x8], eax
94002985558396 mov eax, dword ptr [rbp-0xc]
94002985558399 add eax, 0x1
94002985558402 mov dword ptr [rbp-0xc], eax
94002985558405 jmp 0x557ec68fe15e
94002985558366
94002985558370
94002985558376
94002985558379
94002985558382
94002985558385
94002985558387
94002985558390
94002985558393
94002985558396
94002985558399
94002985558402
94002985558405
94002985558366
94002985558370
94002985558376
94002985558379
94002985558382
94002985558385
94002985558387
94002985558390
94002985558393
94002985558396
94002985558399
94002985558402
94002985558405
94002985558366
94002985558370
94002985558376
94002985558379
94002985558382
94002985558385
94002985558387
94002985558390
94002985558393
94002985558396
94002985558399
94002985558402
94002985558405
94002985558366
94002985558370
94002985558376
94002985558379
94002985558382
94002985558385
94002985558387
94002985558390
94002985558393
94002985558396
94002985558399
94002985558402
94002985558405
94002985558366
94002985558370
94002985558376
94002985558379
94002985558382
94002985558385
94002985558387
94002985558390
94002985558393
94002985558396
94002985558399
94002985558402
94002985558405
94002985558366
94002985558370
94002985558376
94002985558379
94002985558382
94002985558385
94002985558387
94002985558390
94002985558393
94002985558396
94002985558399
94002985558402
94002985558405
94002985558366
94002985558370
94002985558376
94002985558379
94002985558382
94002985558385
94002985558387
94002985558390
94002985558393
94002985558396
94002985558399
94002985558402
94002985558405
94002985558366
94002985558370
94002985558376
94002985558379
94002985558382
94002985558385
94002985558387
94002985558390
94002985558393
94002985558396
94002985558399
94002985558402
94002985558405
94002985558366
94002985558370
94002985558376
94002985558379
94002985558382
94002985558385
94002985558387
94002985558390
94002985558393
94002985558396
94002985558399
94002985558402
94002985558405
94002985558366
94002985558370
94002985558376
94002985558379
94002985558382
94002985558385
94002985558387
94002985558390
94002985558393
94002985558396
94002985558399
94002985558402
94002985558405
94002985558366
94002985558370
94002985558376
94002985558379
94002985558382
94002985558385
94002985558387
94002985558390
94002985558393
94002985558396
94002985558399
94002985558402
94002985558405
94002985558366
94002985558370
94002985558376
94002985558379
94002985558382
94002985558385
94002985558387
94002985558390
94002985558393
94002985558396
94002985558399
94002985558402
94002985558405
94002985558366
94002985558370
94002985558376
94002985558379
94002985558382
94002985558385
94002985558387
94002985558390
94002985558393
94002985558396
94002985558399
94002985558402
94002985558405
94002985558366
94002985558370
94002985558376
94002985558379
94002985558382
94002985558385
94002985558387
94002985558390
94002985558393
94002985558396
94002985558399
94002985558402
94002985558405
94002985558366
94002985558370
94002985558376
94002985558379
94002985558382
94002985558385
94002985558387
94002985558390
94002985558393
94002985558396
94002985558399
94002985558402
94002985558405
94002985558366
94002985558370
94002985558376
94002985558379
94002985558382
94002985558385
94002985558387
94002985558390
94002985558393
94002985558396
94002985558399
94002985558402
94002985558405
94002985558366
94002985558370
94002985558376
94002985558379
94002985558382
94002985558385
94002985558387
94002985558390
94002985558393
94002985558396
94002985558399
94002985558402
94002985558405
94002985558366
94002985558370
94002985558376
94002985558379
94002985558382
94002985558385
94002985558387
94002985558390
94002985558393
94002985558396
94002985558399
94002985558402
94002985558405
94002985558366
94002985558370
94002985558376
94002985558379
94002985558382
94002985558385
94002985558387
94002985558390
94002985558393
94002985558396
94002985558399
94002985558402
94002985558405
94002985558366
94002985558370
94002985558376
94002985558379
94002985558382
94002985558385
94002985558387
94002985558390
94002985558393
94002985558396
94002985558399
94002985558402
94002985558405
94002985558366
94002985558370
94002985558376
94002985558379
94002985558382
94002985558385
94002985558387
94002985558390
94002985558393
94002985558396
94002985558399
94002985558402
94002985558405
94002985558366
94002985558370
94002985558376
94002985558379
94002985558382
94002985558385
94002985558387
94002985558390
94002985558393
94002985558396
94002985558399
94002985558402
94002985558405
94002985558366
94002985558370
94002985558376
94002985558379
94002985558382
94002985558385
94002985558387
94002985558390
94002985558393
94002985558396
94002985558399
94002985558402
94002985558405
94002985558366
94002985558370
94002985558376
94002985558379
94002985558382
94002985558385
94002985558387
94002985558390
94002985558393
94002985558396
94002985558399
94002985558402
94002985558405
94002985558366
94002985558370
94002985558376
94002985558379
94002985558382
94002985558385
94002985558387
94002985558390
94002985558393
94002985558396
94002985558399
94002985558402
94002985558405
94002985558366
94002985558370
94002985558376
94002985558379
94002985558382
94002985558385
94002985558387
94002985558390
94002985558393
94002985558396
94002985558399
94002985558402
94002985558405
94002985558366
94002985558370
94002985558410 mov eax, dword ptr [rbp-0x8]
94002985558413 and eax, 0x1
94002985558416 pop rbp
94002985558417 ret 
94002985558410
94002985558413
94002985558416
94002985558417
