93896488726848 push rbp
93896488726849 mov rbp, rsp
93896488726852 mov dword ptr [rbp-0x4], edi
93896488726855 mov dword ptr [rbp-0x8], 0x0
93896488726862 mov eax, dword ptr [rbp-0x4]
93896488726865 shr eax, 0x4
93896488726868 mov dword ptr [rbp-0x4], eax
93896488726871 mov dword ptr [rbp-0xc], 0x0
93896488726878 cmp dword ptr [rbp-0xc], 0x1b
93896488726882 jnl 0x5565fadb3187
93896488726888 mov eax, dword ptr [rbp-0x4]
93896488726891 mov ecx, dword ptr [rbp-0xc]
93896488726894 shr eax, cl
93896488726896 and eax, 0x1
93896488726899 add eax, dword ptr [rbp-0x8]
93896488726902 mov dword ptr [rbp-0x8], eax
93896488726905 mov eax, dword ptr [rbp-0xc]
93896488726908 add eax, 0x1
93896488726911 mov dword ptr [rbp-0xc], eax
93896488726914 jmp 0x5565fadb315e
93896488726848
93896488726849
93896488726852
93896488726855
93896488726862
93896488726865
93896488726868
93896488726871
93896488726878
93896488726882
93896488726888
93896488726891
93896488726894
93896488726896
93896488726899
93896488726902
93896488726905
93896488726908
93896488726911
93896488726914
93896488726878 cmp dword ptr [rbp-0xc], 0x1b
93896488726882 jnl 0x5565fadb3187
93896488726888 mov eax, dword ptr [rbp-0x4]
93896488726891 mov ecx, dword ptr [rbp-0xc]
93896488726894 shr eax, cl
93896488726896 and eax, 0x1
93896488726899 add eax, dword ptr [rbp-0x8]
93896488726902 mov dword ptr [rbp-0x8], eax
93896488726905 mov eax, dword ptr [rbp-0xc]
93896488726908 add eax, 0x1
93896488726911 mov dword ptr [rbp-0xc], eax
93896488726914 jmp 0x5565fadb315e
93896488726878
93896488726882
93896488726888
93896488726891
93896488726894
93896488726896
93896488726899
93896488726902
93896488726905
93896488726908
93896488726911
93896488726914
93896488726878
93896488726882
93896488726888
93896488726891
93896488726894
93896488726896
93896488726899
93896488726902
93896488726905
93896488726908
93896488726911
93896488726914
93896488726878
93896488726882
93896488726888
93896488726891
93896488726894
93896488726896
93896488726899
93896488726902
93896488726905
93896488726908
93896488726911
93896488726914
93896488726878
93896488726882
93896488726888
93896488726891
93896488726894
93896488726896
93896488726899
93896488726902
93896488726905
93896488726908
93896488726911
93896488726914
93896488726878
93896488726882
93896488726888
93896488726891
93896488726894
93896488726896
93896488726899
93896488726902
93896488726905
93896488726908
93896488726911
93896488726914
93896488726878
93896488726882
93896488726888
93896488726891
93896488726894
93896488726896
93896488726899
93896488726902
93896488726905
93896488726908
93896488726911
93896488726914
93896488726878
93896488726882
93896488726888
93896488726891
93896488726894
93896488726896
93896488726899
93896488726902
93896488726905
93896488726908
93896488726911
93896488726914
93896488726878
93896488726882
93896488726888
93896488726891
93896488726894
93896488726896
93896488726899
93896488726902
93896488726905
93896488726908
93896488726911
93896488726914
93896488726878
93896488726882
93896488726888
93896488726891
93896488726894
93896488726896
93896488726899
93896488726902
93896488726905
93896488726908
93896488726911
93896488726914
93896488726878
93896488726882
93896488726888
93896488726891
93896488726894
93896488726896
93896488726899
93896488726902
93896488726905
93896488726908
93896488726911
93896488726914
93896488726878
93896488726882
93896488726888
93896488726891
93896488726894
93896488726896
93896488726899
93896488726902
93896488726905
93896488726908
93896488726911
93896488726914
93896488726878
93896488726882
93896488726888
93896488726891
93896488726894
93896488726896
93896488726899
93896488726902
93896488726905
93896488726908
93896488726911
93896488726914
93896488726878
93896488726882
93896488726888
93896488726891
93896488726894
93896488726896
93896488726899
93896488726902
93896488726905
93896488726908
93896488726911
93896488726914
93896488726878
93896488726882
93896488726888
93896488726891
93896488726894
93896488726896
93896488726899
93896488726902
93896488726905
93896488726908
93896488726911
93896488726914
93896488726878
93896488726882
93896488726888
93896488726891
93896488726894
93896488726896
93896488726899
93896488726902
93896488726905
93896488726908
93896488726911
93896488726914
93896488726878
93896488726882
93896488726888
93896488726891
93896488726894
93896488726896
93896488726899
93896488726902
93896488726905
93896488726908
93896488726911
93896488726914
93896488726878
93896488726882
93896488726888
93896488726891
93896488726894
93896488726896
93896488726899
93896488726902
93896488726905
93896488726908
93896488726911
93896488726914
93896488726878
93896488726882
93896488726888
93896488726891
93896488726894
93896488726896
93896488726899
93896488726902
93896488726905
93896488726908
93896488726911
93896488726914
93896488726878
93896488726882
93896488726888
93896488726891
93896488726894
93896488726896
93896488726899
93896488726902
93896488726905
93896488726908
93896488726911
93896488726914
93896488726878
93896488726882
93896488726888
93896488726891
93896488726894
93896488726896
93896488726899
93896488726902
93896488726905
93896488726908
93896488726911
93896488726914
93896488726878
93896488726882
93896488726888
93896488726891
93896488726894
93896488726896
93896488726899
93896488726902
93896488726905
93896488726908
93896488726911
93896488726914
93896488726878
93896488726882
93896488726888
93896488726891
93896488726894
93896488726896
93896488726899
93896488726902
93896488726905
93896488726908
93896488726911
93896488726914
93896488726878
93896488726882
93896488726888
93896488726891
93896488726894
93896488726896
93896488726899
93896488726902
93896488726905
93896488726908
93896488726911
93896488726914
93896488726878
93896488726882
93896488726888
93896488726891
93896488726894
93896488726896
93896488726899
93896488726902
93896488726905
93896488726908
93896488726911
93896488726914
93896488726878
93896488726882
93896488726888
93896488726891
93896488726894
93896488726896
93896488726899
93896488726902
93896488726905
93896488726908
93896488726911
93896488726914
93896488726878
93896488726882
93896488726888
93896488726891
93896488726894
93896488726896
93896488726899
93896488726902
93896488726905
93896488726908
93896488726911
93896488726914
93896488726878
93896488726882
93896488726919 mov eax, dword ptr [rbp-0x8]
93896488726922 and eax, 0x1
93896488726925 pop rbp
93896488726926 ret 
93896488726919
93896488726922
93896488726925
93896488726926
