93953102025024 push rbp
93953102025025 mov rbp, rsp
93953102025028 mov dword ptr [rbp-0x4], edi
93953102025031 mov dword ptr [rbp-0x8], 0x0
93953102025038 mov dword ptr [rbp-0xc], 0x4
93953102025045 cmp dword ptr [rbp-0xc], 0x1e
93953102025049 jnle 0x55732945917e
93953102025055 mov eax, dword ptr [rbp-0x4]
93953102025058 mov ecx, dword ptr [rbp-0xc]
93953102025061 shr eax, cl
93953102025063 and eax, 0x1
93953102025066 xor eax, dword ptr [rbp-0x8]
93953102025069 mov dword ptr [rbp-0x8], eax
93953102025072 mov eax, dword ptr [rbp-0xc]
93953102025075 add eax, 0x1
93953102025078 mov dword ptr [rbp-0xc], eax
93953102025081 jmp 0x557329459155
93953102025024
93953102025025
93953102025028
93953102025031
93953102025038
93953102025045
93953102025049
93953102025055
93953102025058
93953102025061
93953102025063
93953102025066
93953102025069
93953102025072
93953102025075
93953102025078
93953102025081
93953102025045 cmp dword ptr [rbp-0xc], 0x1e
93953102025049 jnle 0x55732945917e
93953102025055 mov eax, dword ptr [rbp-0x4]
93953102025058 mov ecx, dword ptr [rbp-0xc]
93953102025061 shr eax, cl
93953102025063 and eax, 0x1
93953102025066 xor eax, dword ptr [rbp-0x8]
93953102025069 mov dword ptr [rbp-0x8], eax
93953102025072 mov eax, dword ptr [rbp-0xc]
93953102025075 add eax, 0x1
93953102025078 mov dword ptr [rbp-0xc], eax
93953102025081 jmp 0x557329459155
93953102025045
93953102025049
93953102025055
93953102025058
93953102025061
93953102025063
93953102025066
93953102025069
93953102025072
93953102025075
93953102025078
93953102025081
93953102025045
93953102025049
93953102025055
93953102025058
93953102025061
93953102025063
93953102025066
93953102025069
93953102025072
93953102025075
93953102025078
93953102025081
93953102025045
93953102025049
93953102025055
93953102025058
93953102025061
93953102025063
93953102025066
93953102025069
93953102025072
93953102025075
93953102025078
93953102025081
93953102025045
93953102025049
93953102025055
93953102025058
93953102025061
93953102025063
93953102025066
93953102025069
93953102025072
93953102025075
93953102025078
93953102025081
93953102025045
93953102025049
93953102025055
93953102025058
93953102025061
93953102025063
93953102025066
93953102025069
93953102025072
93953102025075
93953102025078
93953102025081
93953102025045
93953102025049
93953102025055
93953102025058
93953102025061
93953102025063
93953102025066
93953102025069
93953102025072
93953102025075
93953102025078
93953102025081
93953102025045
93953102025049
93953102025055
93953102025058
93953102025061
93953102025063
93953102025066
93953102025069
93953102025072
93953102025075
93953102025078
93953102025081
93953102025045
93953102025049
93953102025055
93953102025058
93953102025061
93953102025063
93953102025066
93953102025069
93953102025072
93953102025075
93953102025078
93953102025081
93953102025045
93953102025049
93953102025055
93953102025058
93953102025061
93953102025063
93953102025066
93953102025069
93953102025072
93953102025075
93953102025078
93953102025081
93953102025045
93953102025049
93953102025055
93953102025058
93953102025061
93953102025063
93953102025066
93953102025069
93953102025072
93953102025075
93953102025078
93953102025081
93953102025045
93953102025049
93953102025055
93953102025058
93953102025061
93953102025063
93953102025066
93953102025069
93953102025072
93953102025075
93953102025078
93953102025081
93953102025045
93953102025049
93953102025055
93953102025058
93953102025061
93953102025063
93953102025066
93953102025069
93953102025072
93953102025075
93953102025078
93953102025081
93953102025045
93953102025049
93953102025055
93953102025058
93953102025061
93953102025063
93953102025066
93953102025069
93953102025072
93953102025075
93953102025078
93953102025081
93953102025045
93953102025049
93953102025055
93953102025058
93953102025061
93953102025063
93953102025066
93953102025069
93953102025072
93953102025075
93953102025078
93953102025081
93953102025045
93953102025049
93953102025055
93953102025058
93953102025061
93953102025063
93953102025066
93953102025069
93953102025072
93953102025075
93953102025078
93953102025081
93953102025045
93953102025049
93953102025055
93953102025058
93953102025061
93953102025063
93953102025066
93953102025069
93953102025072
93953102025075
93953102025078
93953102025081
93953102025045
93953102025049
93953102025055
93953102025058
93953102025061
93953102025063
93953102025066
93953102025069
93953102025072
93953102025075
93953102025078
93953102025081
93953102025045
93953102025049
93953102025055
93953102025058
93953102025061
93953102025063
93953102025066
93953102025069
93953102025072
93953102025075
93953102025078
93953102025081
93953102025045
93953102025049
93953102025055
93953102025058
93953102025061
93953102025063
93953102025066
93953102025069
93953102025072
93953102025075
93953102025078
93953102025081
93953102025045
93953102025049
93953102025055
93953102025058
93953102025061
93953102025063
93953102025066
93953102025069
93953102025072
93953102025075
93953102025078
93953102025081
93953102025045
93953102025049
93953102025055
93953102025058
93953102025061
93953102025063
93953102025066
93953102025069
93953102025072
93953102025075
93953102025078
93953102025081
93953102025045
93953102025049
93953102025055
93953102025058
93953102025061
93953102025063
93953102025066
93953102025069
93953102025072
93953102025075
93953102025078
93953102025081
93953102025045
93953102025049
93953102025055
93953102025058
93953102025061
93953102025063
93953102025066
93953102025069
93953102025072
93953102025075
93953102025078
93953102025081
93953102025045
93953102025049
93953102025055
93953102025058
93953102025061
93953102025063
93953102025066
93953102025069
93953102025072
93953102025075
93953102025078
93953102025081
93953102025045
93953102025049
93953102025055
93953102025058
93953102025061
93953102025063
93953102025066
93953102025069
93953102025072
93953102025075
93953102025078
93953102025081
93953102025045
93953102025049
93953102025055
93953102025058
93953102025061
93953102025063
93953102025066
93953102025069
93953102025072
93953102025075
93953102025078
93953102025081
93953102025045
93953102025049
93953102025086 mov eax, dword ptr [rbp-0x8]
93953102025089 and eax, 0x1
93953102025092 pop rbp
93953102025093 ret 
93953102025086
93953102025089
93953102025092
93953102025093
