94027976487232 push rbp
94027976487233 mov rbp, rsp
94027976487236 mov dword ptr [rbp-0x4], edi
94027976487239 mov dword ptr [rbp-0x8], 0x0
94027976487246 mov eax, dword ptr [rbp-0x4]
94027976487249 shr eax, 0x4
94027976487252 mov dword ptr [rbp-0x4], eax
94027976487255 mov dword ptr [rbp-0xc], 0x0
94027976487262 cmp dword ptr [rbp-0xc], 0x1b
94027976487266 jnl 0x558498233187
94027976487272 mov eax, dword ptr [rbp-0x4]
94027976487275 mov ecx, dword ptr [rbp-0xc]
94027976487278 shr eax, cl
94027976487280 and eax, 0x1
94027976487283 add eax, dword ptr [rbp-0x8]
94027976487286 mov dword ptr [rbp-0x8], eax
94027976487289 mov eax, dword ptr [rbp-0xc]
94027976487292 add eax, 0x1
94027976487295 mov dword ptr [rbp-0xc], eax
94027976487298 jmp 0x55849823315e
94027976487232
94027976487233
94027976487236
94027976487239
94027976487246
94027976487249
94027976487252
94027976487255
94027976487262
94027976487266
94027976487272
94027976487275
94027976487278
94027976487280
94027976487283
94027976487286
94027976487289
94027976487292
94027976487295
94027976487298
94027976487262 cmp dword ptr [rbp-0xc], 0x1b
94027976487266 jnl 0x558498233187
94027976487272 mov eax, dword ptr [rbp-0x4]
94027976487275 mov ecx, dword ptr [rbp-0xc]
94027976487278 shr eax, cl
94027976487280 and eax, 0x1
94027976487283 add eax, dword ptr [rbp-0x8]
94027976487286 mov dword ptr [rbp-0x8], eax
94027976487289 mov eax, dword ptr [rbp-0xc]
94027976487292 add eax, 0x1
94027976487295 mov dword ptr [rbp-0xc], eax
94027976487298 jmp 0x55849823315e
94027976487262
94027976487266
94027976487272
94027976487275
94027976487278
94027976487280
94027976487283
94027976487286
94027976487289
94027976487292
94027976487295
94027976487298
94027976487262
94027976487266
94027976487272
94027976487275
94027976487278
94027976487280
94027976487283
94027976487286
94027976487289
94027976487292
94027976487295
94027976487298
94027976487262
94027976487266
94027976487272
94027976487275
94027976487278
94027976487280
94027976487283
94027976487286
94027976487289
94027976487292
94027976487295
94027976487298
94027976487262
94027976487266
94027976487272
94027976487275
94027976487278
94027976487280
94027976487283
94027976487286
94027976487289
94027976487292
94027976487295
94027976487298
94027976487262
94027976487266
94027976487272
94027976487275
94027976487278
94027976487280
94027976487283
94027976487286
94027976487289
94027976487292
94027976487295
94027976487298
94027976487262
94027976487266
94027976487272
94027976487275
94027976487278
94027976487280
94027976487283
94027976487286
94027976487289
94027976487292
94027976487295
94027976487298
94027976487262
94027976487266
94027976487272
94027976487275
94027976487278
94027976487280
94027976487283
94027976487286
94027976487289
94027976487292
94027976487295
94027976487298
94027976487262
94027976487266
94027976487272
94027976487275
94027976487278
94027976487280
94027976487283
94027976487286
94027976487289
94027976487292
94027976487295
94027976487298
94027976487262
94027976487266
94027976487272
94027976487275
94027976487278
94027976487280
94027976487283
94027976487286
94027976487289
94027976487292
94027976487295
94027976487298
94027976487262
94027976487266
94027976487272
94027976487275
94027976487278
94027976487280
94027976487283
94027976487286
94027976487289
94027976487292
94027976487295
94027976487298
94027976487262
94027976487266
94027976487272
94027976487275
94027976487278
94027976487280
94027976487283
94027976487286
94027976487289
94027976487292
94027976487295
94027976487298
94027976487262
94027976487266
94027976487272
94027976487275
94027976487278
94027976487280
94027976487283
94027976487286
94027976487289
94027976487292
94027976487295
94027976487298
94027976487262
94027976487266
94027976487272
94027976487275
94027976487278
94027976487280
94027976487283
94027976487286
94027976487289
94027976487292
94027976487295
94027976487298
94027976487262
94027976487266
94027976487272
94027976487275
94027976487278
94027976487280
94027976487283
94027976487286
94027976487289
94027976487292
94027976487295
94027976487298
94027976487262
94027976487266
94027976487272
94027976487275
94027976487278
94027976487280
94027976487283
94027976487286
94027976487289
94027976487292
94027976487295
94027976487298
94027976487262
94027976487266
94027976487272
94027976487275
94027976487278
94027976487280
94027976487283
94027976487286
94027976487289
94027976487292
94027976487295
94027976487298
94027976487262
94027976487266
94027976487272
94027976487275
94027976487278
94027976487280
94027976487283
94027976487286
94027976487289
94027976487292
94027976487295
94027976487298
94027976487262
94027976487266
94027976487272
94027976487275
94027976487278
94027976487280
94027976487283
94027976487286
94027976487289
94027976487292
94027976487295
94027976487298
94027976487262
94027976487266
94027976487272
94027976487275
94027976487278
94027976487280
94027976487283
94027976487286
94027976487289
94027976487292
94027976487295
94027976487298
94027976487262
94027976487266
94027976487272
94027976487275
94027976487278
94027976487280
94027976487283
94027976487286
94027976487289
94027976487292
94027976487295
94027976487298
94027976487262
94027976487266
94027976487272
94027976487275
94027976487278
94027976487280
94027976487283
94027976487286
94027976487289
94027976487292
94027976487295
94027976487298
94027976487262
94027976487266
94027976487272
94027976487275
94027976487278
94027976487280
94027976487283
94027976487286
94027976487289
94027976487292
94027976487295
94027976487298
94027976487262
94027976487266
94027976487272
94027976487275
94027976487278
94027976487280
94027976487283
94027976487286
94027976487289
94027976487292
94027976487295
94027976487298
94027976487262
94027976487266
94027976487272
94027976487275
94027976487278
94027976487280
94027976487283
94027976487286
94027976487289
94027976487292
94027976487295
94027976487298
94027976487262
94027976487266
94027976487272
94027976487275
94027976487278
94027976487280
94027976487283
94027976487286
94027976487289
94027976487292
94027976487295
94027976487298
94027976487262
94027976487266
94027976487272
94027976487275
94027976487278
94027976487280
94027976487283
94027976487286
94027976487289
94027976487292
94027976487295
94027976487298
94027976487262
94027976487266
94027976487303 mov eax, dword ptr [rbp-0x8]
94027976487306 and eax, 0x1
94027976487309 pop rbp
94027976487310 ret 
94027976487303
94027976487306
94027976487309
94027976487310
